0 1
1 1
2 1
3 1
4 1
5 1
6 1
7 1
8 1
9 1
10 1
11 1
12 1
13 1
14 1
15 1
16 1
17 2
18 2
19 2
20 2
21 2
22 2
23 2
24 2
25 2
26 2
38 5
39 5
40 5
41 5
42 5
43 5
44 5
45 5
46 5
47 5
48 5
49 5
50 5
51 5
67 12
68 12
69 12
70 12
71 12
72 12
73 12
74 12
75 12
76 12
77 12
78 12
79 12
80 12
81 12
82 12
83 12
84 12
85 12
86 12
87 12
88 12
89 12
90 12
91 12
92 12
93 12
94 12
101 18
102 18
103 18
104 18
105 18
106 18
107 18
108 18
109 18
110 18
111 18
112 18
113 18
114 18
115 18
116 18
117 18
118 18
119 18
120 18
121 18
122 18
123 18
124 18
125 18
126 19
127 19
128 19
129 19
130 19
131 19
132 19
133 19
134 19
135 19
136 19
137 19
138 19
139 19
140 19
141 19
142 19
143 19
158 25
159 25
160 25
161 25
162 25
163 25
164 25
165 25
166 25
167 25
168 25
169 25
176 27
177 27
178 27
179 27
180 27
181 27
182 27
183 27
184 27
185 27
186 27
187 27
188 27
189 27
190 27
191 27
192 27
197 32
198 32
199 32
200 32
201 32
202 32
203 32
204 32
205 32
206 32
207 32
208 32
209 32
210 32
211 32
212 32
213 32
