13 4
14 4
15 4
16 4
17 4
18 4
19 4
20 4
21 4
22 4
23 4
24 4
25 4
26 4
27 4
28 4
29 4
30 4
31 4
32 4
33 4
34 4
35 4
40 7
41 7
42 7
43 7
44 7
45 7
46 7
47 7
48 7
49 7
50 7
51 7
76 13
77 13
78 13
79 13
80 13
81 13
82 13
83 13
84 13
85 13
86 13
87 13
88 13
89 13
90 13
91 13
92 13
93 13
94 13
95 13
100 15
101 15
102 15
103 15
104 15
105 15
106 15
107 15
108 15
109 15
130 20
131 20
132 20
133 20
134 20
135 20
136 20
137 20
138 20
139 20
140 20
141 20
142 20
143 20
144 20
160 24
161 24
162 24
163 24
164 24
165 24
166 24
167 24
168 24
169 24
170 24
171 24
172 24
173 24
174 24
175 24
176 24
177 24
178 24
179 24
180 24
181 24
182 24
192 26
193 26
194 26
195 26
196 26
197 26
198 26
199 26
200 26
201 26
202 26
203 26
204 26
205 26
206 26
207 26
208 26
209 26
210 26
211 26
212 26
213 26
214 26
215 26
216 26
217 26
218 26
219 26
231 39
232 39
233 39
234 39
235 39
236 39
237 39
238 39
239 39
240 39
241 39
242 39
243 39
244 39
245 39
246 39
247 39
248 39
249 39
250 39
251 39
252 39
253 39
254 39
255 39
256 39
257 39
258 39
259 39
260 39
261 39
264 41
265 41
266 41
267 41
268 41
269 41
270 41
271 41
272 41
273 41
274 41
275 41
