18 4
19 4
20 4
21 4
22 4
23 4
24 4
25 4
26 4
27 4
28 4
29 4
30 4
31 4
32 4
33 4
34 4
35 4
36 4
37 4
38 4
39 4
40 4
41 4
42 4
43 4
44 4
45 4
46 4
47 4
48 4
49 4
50 4
51 4
52 4
53 4
54 4
55 4
56 4
57 4
58 4
59 4
60 4
75 10
76 10
77 10
78 10
79 10
80 10
81 10
82 10
83 10
84 10
85 10
86 10
87 10
88 10
89 10
90 10
91 10
92 10
93 10
94 10
95 10
96 10
97 10
98 10
99 10
100 11
101 11
102 11
103 11
104 11
105 11
106 11
107 11
108 11
109 11
110 11
111 11
112 11
113 11
114 11
115 11
116 11
117 11
118 11
119 11
123 14
124 14
125 14
126 14
127 14
128 14
129 14
130 14
131 14
132 14
133 14
137 16
138 16
139 16
140 16
141 16
142 16
143 16
144 16
145 16
146 16
147 16
148 16
151 19
152 19
153 19
154 19
155 19
156 19
157 19
158 19
159 19
160 19
161 19
