0 1
1 1
2 1
3 1
4 1
5 1
6 1
7 1
8 1
9 1
10 1
11 1
12 1
13 1
14 1
15 1
16 1
17 1
18 1
19 1
20 1
21 1
22 1
23 1
24 1
25 1
26 1
27 1
28 1
29 1
30 1
31 1
32 1
33 1
34 1
35 1
36 1
37 1
38 1
39 1
40 1
41 1
42 1
43 1
44 1
45 1
46 1
47 1
48 1
49 1
50 1
51 1
52 1
53 1
54 1
55 1
56 1
57 1
58 1
59 1
60 1
61 1
62 1
63 1
64 2
65 2
66 2
67 2
68 2
69 2
70 2
71 2
72 2
73 2
74 2
75 2
76 2
77 2
78 2
79 2
80 2
81 2
82 2
83 2
84 2
85 2
86 2
87 2
88 2
89 2
90 2
91 2
92 2
93 2
94 2
95 2
96 2
97 2
98 2
99 2
100 2
101 2
102 2
103 2
104 2
105 2
106 2
107 2
108 2
109 2
110 2
111 2
112 2
113 2
114 2
115 2
116 2
117 2
118 2
119 2
120 2
121 2
122 2
123 2
124 2
125 2
126 2
127 2
128 2
129 2
130 2
131 2
132 2
133 2
134 2
135 2
136 2
137 2
138 2
139 2
140 2
141 2
142 2
143 2
144 2
145 2
151 6
152 6
153 6
154 6
155 6
156 6
157 6
158 6
159 6
160 6
161 6
162 6
163 6
164 6
165 6
166 6
167 6
168 6
169 6
170 6
171 6
172 6
173 6
174 6
175 6
176 6
177 6
178 6
179 6
180 6
181 6
182 7
183 7
184 7
185 7
186 7
187 7
188 7
189 7
190 7
191 7
192 7
193 7
194 7
195 7
196 7
197 7
198 7
199 7
200 7
201 7
202 7
203 7
204 7
205 7
206 7
207 8
208 8
209 8
210 8
211 8
212 8
213 8
214 8
215 8
216 8
217 8
218 8
219 8
220 8
221 8
