0 1
1 1
2 1
3 1
4 1
5 1
6 1
7 1
8 1
9 1
10 1
11 1
12 1
13 1
14 1
15 1
16 1
17 1
18 1
19 1
20 1
21 1
22 1
23 1
24 1
25 1
26 1
27 1
28 1
56 10
57 10
58 10
59 10
60 10
61 10
62 10
63 10
64 10
65 10
66 10
67 10
68 10
69 10
70 10
71 11
72 11
73 11
74 11
75 11
76 11
77 11
78 11
79 11
80 11
81 11
82 11
83 11
84 11
85 11
86 11
117 24
118 24
119 24
120 24
121 24
122 24
123 24
124 24
125 24
126 24
127 24
128 24
129 24
130 24
131 26
132 26
133 26
134 26
135 26
136 26
137 26
138 26
139 26
140 26
141 26
142 26
143 26
144 26
145 26
146 26
147 26
148 26
149 26
150 26
151 26
152 26
153 26
154 26
155 26
156 26
157 26
158 26
159 26
165 28
166 28
167 28
168 28
169 28
170 28
171 28
172 28
173 28
174 28
175 28
176 28
177 28
178 28
