0 1
1 1
2 1
3 1
4 1
5 1
6 1
7 1
8 1
9 1
10 1
11 1
12 1
13 1
14 1
15 1
16 1
17 1
18 1
19 1
20 1
21 1
22 1
23 1
24 1
25 1
26 1
27 1
28 1
29 1
30 1
31 1
32 1
33 1
34 1
35 1
36 1
37 1
38 1
39 1
40 1
41 1
42 1
43 1
44 1
45 1
46 1
47 1
48 1
49 1
50 1
51 1
52 1
53 1
54 1
55 1
56 1
57 1
58 1
59 1
60 1
61 1
62 1
63 1
64 1
65 1
66 1
67 1
68 1
69 1
75 3
76 3
77 3
78 3
79 3
80 3
81 3
82 3
83 3
84 3
85 3
86 3
102 7
103 7
104 7
105 7
106 7
107 7
108 7
109 7
110 7
111 7
112 7
113 7
114 7
115 7
116 7
117 7
118 7
119 7
120 7
121 7
122 7
123 7
124 7
125 7
126 7
134 9
135 9
136 9
137 9
138 9
139 9
140 9
141 9
142 9
143 9
144 9
145 9
146 9
147 9
148 9
149 9
150 9
151 9
152 9
153 9
154 9
155 9
156 10
157 10
158 10
159 10
160 10
161 10
162 10
163 10
164 10
165 10
166 10
167 10
168 10
169 10
170 10
171 11
172 11
173 11
174 11
175 11
176 11
177 11
178 11
179 11
180 11
181 11
182 11
183 11
184 11
185 11
186 11
187 11
188 11
189 11
190 11
191 11
192 11
193 11
194 11
195 11
196 11
197 11
198 11
199 11
200 12
201 12
202 12
203 12
204 12
205 12
206 12
207 12
208 12
209 12
210 12
211 12
212 12
213 12
214 12
215 12
216 12
217 12
218 12
219 12
220 12
221 12
222 12
223 12
224 12
225 12
226 12
227 12
228 12
229 12
230 12
231 12
232 12
233 12
234 12
235 12
236 12
237 12
238 12
239 12
240 12
241 12
242 12
243 12
244 12
245 12
246 12
247 12
248 12
249 12
250 12
251 12
252 12
253 12
254 12
255 12
256 12
257 12
258 12
259 12
260 12
261 12
262 12
263 12
264 12
265 12
266 12
267 12
268 12
269 12
270 12
271 12
272 12
273 12
274 12
275 12
276 12
277 12
278 12
279 12
280 12
281 12
282 12
283 12
284 12
285 12
286 12
287 12
288 12
289 13
290 13
291 13
292 13
293 13
294 13
295 13
296 13
297 13
298 13
299 13
300 13
301 13
302 14
303 14
304 14
305 14
306 14
307 14
308 14
309 14
310 14
311 14
312 14
313 14
314 14
315 14
316 14
317 14
318 14
319 14
320 14
321 14
322 14
323 14
324 14
325 14
326 14
327 14
328 14
329 14
330 14
331 14
332 14
333 14
334 15
335 15
336 15
337 15
338 15
339 15
340 15
341 15
342 15
343 15
344 15
345 15
346 15
363 20
364 20
365 20
366 20
367 20
368 20
369 20
370 20
371 20
372 20
373 21
374 21
375 21
376 21
377 21
378 21
379 21
380 21
381 21
382 21
387 24
388 24
389 24
390 24
391 24
392 24
393 24
394 24
395 24
396 24
397 24
398 24
399 24
400 24
401 24
402 24
403 24
409 29
410 29
411 29
412 29
413 29
414 29
415 29
416 29
417 29
418 29
419 29
420 29
