0 1
1 1
2 1
3 1
4 1
5 1
6 1
7 1
8 1
9 1
10 1
11 1
12 1
13 1
14 1
15 1
16 1
17 1
18 1
19 1
20 1
21 1
22 1
23 1
24 1
25 1
26 1
27 1
28 1
29 1
30 1
31 1
32 1
33 1
34 1
35 1
36 1
37 1
38 1
39 1
40 1
41 1
42 1
43 1
44 1
45 1
46 1
47 1
48 1
49 1
50 1
51 1
52 1
53 1
54 1
55 3
56 3
57 3
58 3
59 3
60 3
61 3
62 3
63 3
64 3
65 3
66 3
67 3
68 3
69 3
70 3
71 3
72 3
73 3
74 3
75 3
76 3
77 3
78 3
79 3
80 3
81 3
82 3
83 3
84 3
85 3
86 3
87 3
88 3
89 3
90 3
91 3
92 3
93 3
94 3
95 3
96 3
97 3
113 6
114 6
115 6
116 6
117 6
118 6
119 6
120 6
121 6
122 6
123 6
124 6
125 6
126 6
127 6
128 6
129 6
130 6
131 6
132 6
133 6
134 6
135 6
136 6
140 8
141 8
142 8
143 8
144 8
145 8
146 8
147 8
148 8
149 8
150 8
151 8
152 8
153 8
154 8
155 8
156 8
157 8
158 8
159 8
160 8
168 12
169 12
170 12
171 12
172 12
173 12
174 12
175 12
176 12
177 12
178 12
179 12
180 12
181 12
182 12
183 12
184 12
185 12
186 12
187 12
188 12
189 12
190 13
191 13
192 13
193 13
194 13
195 13
196 13
197 13
198 13
199 13
200 13
201 13
202 13
203 13
204 13
205 14
206 14
207 14
208 14
209 14
210 14
211 14
212 14
213 14
214 14
215 14
216 14
217 14
218 14
219 14
220 14
232 20
233 20
234 20
235 20
236 20
237 20
238 20
239 20
240 20
241 20
242 20
243 20
244 20
246 23
247 23
248 23
249 23
250 23
251 23
252 23
253 23
254 23
255 23
256 23
257 23
258 23
259 23
260 23
261 23
262 23
263 23
264 23
265 23
266 23
267 23
268 23
269 23
281 31
282 31
283 31
284 31
285 31
286 31
287 31
288 31
289 31
290 31
291 31
292 31
293 31
294 31
295 31
296 31
297 31
298 31
299 31
300 31
301 34
302 34
303 34
304 34
305 34
306 34
307 34
308 34
309 34
310 34
311 34
312 34
313 35
314 35
315 35
316 35
317 35
318 35
319 35
320 35
321 35
322 35
323 35
324 35
325 35
326 35
327 35
328 35
329 35
330 35
331 35
332 35
333 35
334 35
335 35
336 35
337 35
338 35
339 35
340 35
341 35
342 36
343 36
344 36
345 36
346 36
347 36
348 36
349 36
350 36
351 36
352 36
353 36
