0 1
1 1
2 1
3 1
4 1
5 1
6 1
7 1
8 1
9 1
10 1
11 1
12 1
13 1
14 1
15 1
16 1
17 1
18 1
19 1
20 1
21 1
22 1
23 1
24 1
25 1
26 1
27 1
28 1
29 1
30 1
31 1
32 1
33 1
34 1
35 1
36 1
37 1
38 1
39 1
40 1
41 1
42 1
43 1
44 1
45 1
46 1
47 1
48 1
49 1
50 1
51 1
52 1
53 1
54 1
55 1
56 1
57 1
58 1
59 1
60 1
61 1
62 1
63 1
64 1
65 1
66 1
67 1
68 1
69 1
70 1
71 1
72 1
73 1
74 1
75 2
76 2
77 2
78 2
79 2
80 2
81 2
82 2
83 2
84 2
85 2
86 2
87 2
88 2
89 2
90 2
91 2
92 2
93 2
104 6
105 6
106 6
107 6
108 6
109 6
110 6
111 6
112 6
113 6
114 6
115 6
116 6
117 6
124 9
125 9
126 9
127 9
128 9
129 9
130 9
131 9
132 9
133 9
134 9
135 9
136 9
137 9
138 9
139 9
140 9
141 9
142 9
143 9
144 9
145 9
146 9
147 9
148 9
149 9
150 9
151 9
152 9
153 9
154 9
155 9
156 9
157 9
158 9
159 9
160 9
161 9
162 9
163 9
164 9
165 9
166 9
167 9
168 9
169 9
170 9
171 9
172 9
173 9
174 9
175 9
176 9
177 9
178 9
179 9
180 9
181 9
182 9
183 9
184 9
185 9
186 9
187 9
188 9
189 9
190 9
191 9
192 9
193 9
194 9
195 9
196 9
197 9
198 9
199 9
200 9
201 9
202 9
203 9
204 9
205 9
206 9
207 9
210 12
211 12
212 12
213 12
214 12
215 12
216 12
217 12
218 12
219 12
220 13
221 13
222 13
223 13
224 13
225 13
226 13
227 13
228 13
229 13
230 13
256 21
257 21
258 21
259 21
260 21
261 21
262 21
263 21
264 21
265 21
266 21
267 21
268 21
269 21
270 21
271 21
272 21
273 21
274 21
