0 1
1 1
2 1
3 1
4 1
5 1
6 1
7 1
8 1
9 1
10 1
11 1
12 1
13 1
14 1
15 1
16 1
17 1
18 1
19 1
20 1
21 1
22 1
23 1
24 1
25 1
26 1
27 1
28 1
34 3
35 3
36 3
37 3
38 3
39 3
40 3
41 3
42 3
43 3
44 3
45 3
46 3
47 3
48 3
49 3
50 3
51 3
52 3
53 3
54 3
55 3
56 3
79 9
80 9
81 9
82 9
83 9
84 9
85 9
86 9
87 9
88 9
89 9
90 9
112 18
113 18
114 18
115 18
116 18
117 18
118 18
119 18
120 18
121 18
122 18
123 18
124 18
125 18
126 18
127 18
128 18
129 18
130 18
131 18
136 21
137 21
138 21
139 21
140 21
141 21
142 21
143 21
144 21
145 21
146 21
147 21
148 21
149 23
150 23
151 23
152 23
153 23
154 23
155 23
156 23
157 23
158 23
159 23
160 23
161 23
162 23
163 23
164 23
167 25
168 25
169 25
170 25
171 25
172 25
173 25
174 25
175 25
176 25
177 25
178 26
179 26
180 26
181 26
182 26
183 26
184 26
185 26
186 26
187 26
197 29
198 29
199 29
200 29
201 29
202 29
203 29
204 29
205 29
206 29
207 29
208 29
209 29
210 29
211 29
212 29
213 29
214 29
215 29
216 29
217 29
218 29
219 29
220 29
221 29
222 29
223 29
224 29
225 29
226 29
248 36
249 36
250 36
251 36
252 36
253 36
254 36
255 36
256 36
257 36
258 36
259 36
260 36
261 36
262 36
263 36
264 36
299 51
300 51
301 51
302 51
303 51
304 51
305 51
306 51
307 51
308 51
