0 1
1 1
2 1
3 1
4 1
5 1
6 1
7 1
8 1
9 1
10 1
11 1
12 2
13 2
14 2
15 2
16 2
17 2
18 2
19 2
20 2
21 2
22 2
23 2
24 2
25 2
26 2
27 2
28 2
29 2
30 2
31 2
32 2
33 2
34 2
35 2
36 2
37 2
38 2
39 2
40 2
41 2
42 2
43 2
44 2
45 2
46 2
47 2
48 2
49 2
50 2
51 2
52 2
53 2
54 2
55 2
56 2
57 2
58 2
59 2
60 2
61 2
62 2
63 2
64 2
65 2
66 2
67 2
68 2
69 2
70 2
71 2
72 2
73 2
74 2
75 2
76 2
77 2
78 2
79 2
80 2
81 2
82 2
83 2
84 2
85 2
86 2
87 2
88 2
89 2
90 2
91 2
92 2
93 2
94 2
95 2
96 2
97 2
98 2
99 2
100 2
101 2
102 2
103 2
104 2
105 2
106 2
107 2
108 2
109 2
110 2
111 2
112 2
113 2
114 2
115 2
116 2
117 2
118 2
119 2
120 2
121 2
122 2
123 2
124 2
125 2
126 2
127 2
128 2
129 2
130 2
131 2
132 2
133 2
134 2
139 4
140 4
141 4
142 4
143 4
144 4
145 4
146 4
147 4
148 4
149 4
150 4
151 4
152 4
153 4
154 4
155 4
156 4
157 4
158 4
159 4
160 4
164 6
165 6
166 6
167 6
168 6
169 6
170 6
171 6
172 6
173 6
174 6
175 6
176 6
177 6
178 6
179 6
180 6
181 6
182 6
183 6
184 6
185 6
186 6
187 7
188 7
189 7
190 7
191 7
192 7
193 7
194 7
195 7
196 7
197 7
198 7
199 7
213 11
214 11
215 11
216 11
217 11
218 11
219 11
220 11
221 11
222 11
223 11
224 11
226 13
227 13
228 13
229 13
230 13
231 13
232 13
233 13
234 13
235 13
236 13
237 14
238 14
239 14
240 14
241 14
242 14
243 14
244 14
245 14
246 14
247 14
275 27
276 27
277 27
278 27
279 27
280 27
281 27
282 27
283 27
284 27
285 29
286 29
287 29
288 29
289 29
290 29
291 29
292 29
293 29
294 29
295 29
296 29
310 34
311 34
312 34
313 34
314 34
315 34
316 34
317 34
318 34
319 34
320 34
326 43
327 43
328 43
329 43
330 43
331 43
332 43
333 43
334 43
335 43
336 43
337 43
338 43
339 44
340 44
341 44
342 44
343 44
344 44
345 44
346 44
347 44
348 44
349 44
350 44
