0 1
1 1
2 1
3 1
4 1
5 1
6 1
7 1
8 1
9 1
10 1
11 1
25 4
26 4
27 4
28 4
29 4
30 4
31 4
32 4
33 4
34 4
35 4
36 4
37 4
38 4
39 4
40 4
41 4
42 4
43 4
44 4
45 4
46 4
47 5
48 5
49 5
50 5
51 5
52 5
53 5
54 5
55 5
56 5
57 5
58 5
59 5
60 5
61 5
62 5
63 5
64 5
65 5
66 5
67 5
68 5
69 5
70 5
71 5
72 5
73 5
75 7
76 7
77 7
78 7
79 7
80 7
81 7
82 7
83 7
84 7
85 7
86 7
87 7
88 7
89 7
90 7
91 7
92 7
93 7
94 7
95 7
96 7
97 7
98 7
99 7
100 7
101 7
102 7
103 7
104 7
105 7
106 7
107 7
108 7
109 7
110 7
111 7
112 7
113 7
114 7
115 7
116 7
123 10
124 10
125 10
126 10
127 10
128 10
129 10
130 10
131 10
132 10
133 10
134 10
135 10
136 10
137 10
138 10
139 10
140 10
141 10
142 10
143 10
144 10
145 10
146 10
147 10
148 10
149 10
150 11
151 11
152 11
153 11
154 11
155 11
156 11
157 11
158 11
159 11
160 11
161 11
162 11
163 11
164 11
165 11
166 11
167 11
168 11
169 11
170 11
171 11
172 11
173 11
174 11
175 11
176 11
177 11
178 11
179 11
180 11
181 11
182 11
183 11
184 11
185 11
186 11
187 12
188 12
189 12
190 12
191 12
192 12
193 12
194 12
195 12
196 12
