0 1
1 1
2 1
3 1
4 1
5 1
6 1
7 1
8 1
9 1
10 1
11 1
12 1
13 1
14 1
15 1
16 1
17 1
18 1
19 1
20 1
21 1
22 1
23 1
24 1
25 1
26 1
27 1
28 1
29 1
30 1
31 1
32 1
33 1
34 1
35 1
36 1
37 1
38 1
39 1
40 1
41 1
42 1
43 1
44 2
45 2
46 2
47 2
48 2
49 2
50 2
51 2
52 2
53 2
54 2
67 8
68 8
69 8
70 8
71 8
72 8
73 8
74 8
75 8
76 8
77 8
78 8
79 8
80 8
81 8
82 8
83 8
84 8
85 8
86 8
87 8
88 8
89 8
90 8
91 8
92 8
93 8
94 8
95 8
96 8
97 8
98 8
99 8
100 8
101 8
102 8
103 8
104 8
105 8
106 8
107 8
108 8
109 8
110 8
111 8
112 8
113 8
114 8
115 8
116 8
117 8
118 8
119 8
120 8
121 8
122 8
123 8
124 8
125 8
126 8
127 8
128 8
129 8
130 8
131 8
132 8
133 8
134 8
135 8
136 8
137 8
138 8
139 8
140 8
141 8
142 8
143 8
144 8
145 8
146 8
147 8
148 8
149 8
150 8
151 8
152 8
153 8
154 8
155 8
156 9
157 9
158 9
159 9
160 9
161 9
162 9
163 9
164 9
165 9
166 9
167 9
168 9
169 9
178 16
179 16
180 16
181 16
182 16
183 16
184 16
185 16
186 16
187 16
188 16
189 16
190 16
191 16
192 16
193 16
194 16
195 16
196 16
197 16
198 16
199 16
200 16
201 16
202 16
203 16
204 16
217 23
218 23
219 23
220 23
221 23
222 23
223 23
224 23
225 23
226 23
227 23
228 23
229 23
230 23
231 23
232 23
233 23
234 23
235 23
236 23
238 25
239 25
240 25
241 25
242 25
243 25
244 25
245 25
246 25
247 25
248 25
249 25
250 25
251 25
252 25
253 25
254 25
255 25
256 25
257 25
273 33
274 33
275 33
276 33
277 33
278 33
279 33
280 33
281 33
282 33
283 33
284 33
285 34
286 34
287 34
288 34
289 34
290 34
291 34
292 34
293 34
294 34
295 34
296 34
297 34
