12 15
13 15
14 15
15 15
16 15
17 15
18 15
19 15
20 15
21 15
22 15
23 15
24 15
25 15
26 15
27 15
28 15
29 15
30 15
31 15
32 15
33 15
34 15
36 17
37 17
38 17
39 17
40 17
41 17
42 17
43 17
44 17
45 17
46 17
47 17
48 17
49 17
50 17
51 17
52 17
53 17
54 17
55 17
58 21
59 21
60 21
61 21
62 21
63 21
64 21
65 21
66 21
67 21
68 21
69 21
70 21
71 21
72 21
73 21
74 21
75 21
76 21
77 23
78 23
79 23
80 23
81 23
82 23
83 23
84 23
85 23
86 23
87 23
88 23
89 23
90 23
91 23
92 23
93 23
94 23
95 23
96 23
97 23
98 23
99 23
100 23
101 23
102 23
103 23
104 23
105 23
106 23
107 23
108 23
109 23
110 23
111 23
112 23
113 23
114 23
115 23
116 23
117 23
118 23
119 23
120 23
121 23
122 23
123 23
124 23
125 23
126 23
127 23
128 23
129 23
130 23
131 23
132 23
133 23
134 23
135 23
136 23
137 23
138 23
139 23
140 23
141 23
142 23
143 23
144 23
145 23
146 23
147 23
148 23
149 23
150 23
151 23
152 23
153 23
154 23
155 23
156 23
157 23
158 23
159 23
160 23
161 23
162 23
163 23
164 23
165 23
166 23
167 23
168 23
169 23
170 23
171 23
172 23
173 23
174 23
175 23
176 23
177 23
178 23
179 23
180 23
181 23
182 23
183 23
184 23
185 23
186 23
187 23
188 23
189 23
190 23
191 23
192 23
193 23
194 23
195 23
218 34
219 34
220 34
221 34
222 34
223 34
224 34
225 34
226 34
227 34
228 34
229 34
230 34
239 37
240 37
241 37
242 37
243 37
244 37
245 37
246 37
247 37
248 37
249 37
250 37
251 37
252 37
253 37
254 37
255 37
256 37
257 37
258 37
