1 2
2 2
3 2
4 2
5 2
6 2
7 2
8 2
9 2
10 2
11 2
12 2
13 2
14 2
15 2
16 2
17 2
18 2
19 2
20 2
21 2
22 2
23 2
24 2
25 2
26 2
27 2
28 2
29 2
30 2
31 2
32 2
33 2
34 2
35 2
36 2
37 2
38 2
39 2
40 2
41 2
42 2
43 2
44 2
45 2
46 2
47 2
48 2
49 2
50 2
51 2
52 2
53 2
54 2
55 2
56 2
57 2
58 2
59 2
60 2
61 2
62 2
63 2
64 2
65 2
66 2
67 2
68 2
69 2
70 2
71 2
72 2
73 2
74 2
75 2
76 2
77 2
78 2
79 2
80 2
81 2
82 2
83 2
84 2
85 2
86 2
87 2
88 2
89 2
90 2
91 2
92 2
93 2
94 2
95 2
96 2
97 2
98 2
99 2
100 2
101 2
102 2
103 2
104 2
105 2
106 2
107 2
108 2
109 2
110 2
111 2
112 2
113 2
114 2
115 2
116 2
117 2
118 2
119 2
120 2
121 2
122 2
123 2
124 2
125 2
126 2
127 2
128 2
129 2
130 2
131 2
132 2
133 2
134 2
135 2
136 2
137 2
138 2
139 2
140 2
141 2
142 2
143 2
144 2
145 2
146 2
147 2
148 2
149 2
150 2
151 2
152 2
153 3
154 3
155 3
156 3
157 3
158 3
159 3
160 3
161 3
162 3
163 3
164 3
165 3
166 3
167 3
168 3
169 3
170 3
171 3
172 3
173 3
174 3
175 3
176 3
177 3
178 3
179 3
180 3
181 3
182 3
183 3
184 3
185 3
186 3
187 3
188 3
189 3
190 3
191 3
192 3
193 3
194 3
195 3
196 3
197 3
198 3
199 3
200 3
201 3
202 3
203 3
204 3
205 3
206 3
207 3
208 3
209 3
210 3
211 3
212 3
213 3
214 3
215 3
216 3
217 3
218 3
219 3
220 3
221 3
222 3
223 3
224 3
225 3
226 3
227 3
228 3
229 3
230 3
231 3
232 3
233 3
234 3
235 3
236 3
237 3
238 3
239 3
240 3
241 3
242 3
243 3
244 3
245 3
246 3
247 3
248 3
249 3
250 3
251 3
252 3
253 3
254 3
255 3
256 3
257 3
258 3
259 3
260 3
261 3
262 3
263 3
264 3
265 3
266 3
267 3
268 3
269 3
270 3
271 3
272 3
273 3
274 3
275 3
276 3
277 3
278 3
279 3
280 3
281 3
282 3
283 3
284 3
285 3
286 3
287 3
288 3
289 3
290 3
291 3
292 3
293 3
294 3
295 3
296 3
297 3
298 3
299 3
300 3
307 6
308 6
309 6
310 6
311 6
312 6
313 6
314 6
315 6
316 6
317 6
318 6
319 6
320 6
321 6
353 16
354 16
355 16
356 16
357 16
358 16
359 16
360 16
361 16
362 16
363 16
364 16
365 16
366 16
367 16
368 17
369 17
370 17
371 17
372 17
373 17
374 17
375 17
376 17
377 17
378 17
379 17
380 17
381 17
382 17
383 17
384 17
385 17
386 17
387 17
388 17
389 17
390 17
391 17
392 17
393 17
394 17
395 17
396 17
397 17
398 17
399 17
400 17
401 17
402 17
403 17
404 17
405 17
406 17
420 20
421 20
422 20
423 20
424 20
425 20
426 20
427 20
428 20
429 20
430 20
431 20
529 43
530 43
531 43
532 43
533 43
534 43
535 43
536 43
537 43
538 43
539 43
540 44
541 44
542 44
543 44
544 44
545 44
546 44
547 44
548 44
549 44
550 44
551 44
552 44
553 44
554 44
560 46
561 46
562 46
563 46
564 46
565 46
566 46
567 46
568 46
569 46
570 46
571 46
577 51
578 51
579 51
580 51
581 51
582 51
583 51
584 51
585 51
586 51
587 51
588 51
599 59
600 59
601 59
602 59
603 59
604 59
605 59
606 59
607 59
608 59
609 59
610 59
611 59
612 59
613 59
614 59
621 62
622 62
623 62
624 62
625 62
626 62
627 62
628 62
629 62
630 62
631 62
