0 1
1 1
2 1
3 1
4 1
5 1
6 1
7 1
8 1
9 1
10 1
11 1
12 1
13 1
14 1
15 1
16 1
17 1
18 1
19 1
20 1
21 1
22 1
23 1
24 1
25 1
26 1
27 1
28 1
29 1
30 1
31 1
32 1
33 1
34 1
35 1
36 1
37 1
38 1
39 1
40 1
41 1
42 1
43 1
44 1
45 1
46 1
47 1
53 3
54 3
55 3
56 3
57 3
58 3
59 3
60 3
61 3
62 3
63 3
64 3
65 3
66 3
67 4
68 4
69 4
70 4
71 4
72 4
73 4
74 4
75 4
76 4
77 4
78 4
79 4
80 4
81 4
82 4
83 4
84 4
85 4
86 4
87 4
88 4
89 4
90 4
91 4
92 4
93 5
94 5
95 5
96 5
97 5
98 5
99 5
100 5
101 5
102 5
103 5
104 5
105 5
106 5
107 5
108 5
109 5
110 5
111 5
112 5
113 5
124 8
125 8
126 8
127 8
128 8
129 8
130 8
131 8
132 8
133 8
134 8
135 8
136 8
137 8
138 8
139 8
140 8
141 8
142 8
143 8
144 8
145 8
146 8
147 8
148 8
149 8
150 8
151 8
152 8
153 8
154 8
155 8
156 8
157 8
158 8
159 8
160 8
161 8
162 8
183 14
184 14
185 14
186 14
187 14
188 14
189 14
190 14
191 14
192 14
193 14
194 14
