0 1
1 1
2 1
3 1
4 1
5 1
6 1
7 1
8 1
9 1
10 1
11 1
12 1
13 1
14 1
15 1
16 1
17 1
18 1
19 1
20 1
21 1
22 1
23 1
24 1
25 1
26 1
27 1
28 1
29 1
30 1
31 1
32 1
33 1
34 1
35 1
36 1
37 1
38 1
39 1
40 1
41 1
42 1
43 1
44 1
45 1
46 1
47 1
48 1
49 1
50 1
51 1
52 1
53 1
54 1
55 1
56 1
57 1
58 1
59 1
60 1
61 1
62 1
63 1
64 1
65 1
66 1
67 1
68 1
69 1
70 1
71 1
72 1
73 1
74 1
75 1
76 1
77 1
78 1
79 1
80 1
81 1
82 1
83 1
84 1
85 1
86 2
87 2
88 2
89 2
90 2
91 2
92 2
93 2
94 2
95 2
96 2
97 2
98 2
99 2
100 2
101 2
102 3
103 3
104 3
105 3
106 3
107 3
108 3
109 3
110 3
111 3
112 3
113 3
114 3
115 3
116 3
117 3
118 3
119 3
120 3
121 3
122 3
123 3
124 3
125 3
126 3
127 3
128 3
129 3
130 3
131 3
132 3
133 3
134 3
135 3
136 3
137 3
138 3
139 3
140 3
141 3
142 3
143 3
144 3
145 3
146 3
147 3
148 3
149 3
150 3
151 3
152 3
153 3
154 3
155 3
156 3
157 3
158 3
159 3
160 3
161 3
162 3
163 3
164 3
165 3
166 3
167 3
168 3
169 3
170 3
171 3
172 3
173 3
174 3
175 3
176 3
177 3
178 3
179 3
180 3
181 4
182 4
183 4
184 4
185 4
186 4
187 4
188 4
189 4
190 4
191 4
192 4
193 4
194 4
195 4
196 4
197 4
198 4
199 4
200 4
201 4
202 4
203 4
204 4
205 4
206 4
207 4
208 4
209 4
210 4
211 4
212 4
213 4
214 4
215 4
216 4
217 4
218 4
219 4
220 4
221 4
222 4
223 4
224 4
225 4
226 4
227 4
228 4
229 4
230 4
231 4
232 4
233 4
234 4
235 4
236 4
237 4
238 4
239 4
240 4
241 4
242 4
243 4
244 4
245 4
246 4
247 4
248 4
249 4
250 4
251 4
252 4
253 4
254 4
255 4
256 4
257 4
258 4
259 4
260 4
261 4
262 4
263 4
264 4
265 4
266 4
267 4
268 4
269 4
270 4
271 4
272 4
273 4
274 4
