0 1
1 1
2 1
3 1
4 1
5 1
6 1
7 1
8 1
9 1
10 1
11 1
12 1
13 1
14 1
15 1
16 1
17 1
18 1
19 1
20 1
21 1
22 1
23 1
24 1
25 1
26 1
27 1
28 1
29 1
30 1
31 1
32 1
33 1
34 1
35 1
36 1
37 1
38 1
39 1
40 1
41 1
42 1
43 1
44 1
45 1
46 1
47 1
48 1
49 2
50 2
51 2
52 2
53 2
54 2
55 2
56 2
57 2
58 2
59 2
60 2
61 2
62 2
63 2
64 2
65 2
66 2
67 2
68 2
69 2
70 2
71 2
72 2
73 2
74 2
75 2
76 2
77 2
78 2
79 2
80 2
81 2
82 2
83 2
84 2
85 2
86 2
87 2
88 2
89 2
90 2
91 2
92 2
93 2
94 2
95 2
113 9
114 9
115 9
116 9
117 9
118 9
119 9
120 9
121 9
122 9
123 9
124 9
125 9
126 9
127 9
128 9
129 9
130 9
131 9
132 9
133 9
134 9
135 9
136 9
137 9
138 9
139 9
140 9
141 9
142 9
143 9
144 9
145 9
146 10
147 10
148 10
149 10
150 10
151 10
152 10
153 10
154 10
155 10
156 10
157 10
158 10
159 10
160 10
161 10
162 10
163 10
165 12
166 12
167 12
168 12
169 12
170 12
171 12
172 12
173 12
174 12
