0 1
1 1
2 1
3 1
4 1
5 1
6 1
7 1
8 1
9 1
10 1
11 1
12 1
13 1
14 1
15 1
16 1
17 1
18 1
19 1
20 1
32 4
33 4
34 4
35 4
36 4
37 4
38 4
39 4
40 4
41 4
42 4
43 4
44 4
45 4
46 4
47 4
48 4
49 4
50 4
51 4
52 4
53 4
54 4
55 4
56 4
57 4
58 4
59 4
60 4
61 4
62 4
63 4
64 4
65 4
66 4
67 4
68 4
69 4
70 4
80 7
81 7
82 7
83 7
84 7
85 7
86 7
87 7
88 7
89 7
90 7
91 7
92 7
93 7
94 7
95 7
96 7
97 7
98 7
99 7
100 7
101 7
102 7
103 7
104 7
107 9
108 9
109 9
110 9
111 9
112 9
113 9
114 9
115 9
116 9
117 9
118 9
119 9
120 9
121 9
122 9
123 9
124 9
125 9
126 9
127 9
128 9
129 9
130 9
131 9
132 9
133 9
134 9
135 9
136 9
137 9
138 9
139 9
141 11
142 11
143 11
144 11
145 11
146 11
147 11
148 11
149 11
150 11
151 11
152 11
153 11
154 11
155 11
156 11
157 11
158 11
159 11
160 11
161 11
178 16
179 16
180 16
181 16
182 16
183 16
184 16
185 16
186 16
187 16
188 16
189 16
190 16
191 16
192 16
