0 1
1 1
2 1
3 1
4 1
5 1
6 1
7 1
8 1
9 1
10 1
11 1
12 1
13 1
14 1
15 1
16 1
17 1
18 1
19 1
20 1
21 1
22 1
23 1
24 1
25 1
26 1
27 1
28 1
29 1
30 1
31 1
32 1
33 1
34 1
35 1
36 1
37 1
38 1
39 1
40 1
41 1
42 1
43 1
44 1
45 1
46 1
47 1
48 1
49 1
50 1
51 1
52 1
53 1
54 1
55 1
56 1
57 1
58 1
59 1
60 1
61 1
62 1
63 1
64 1
65 1
66 1
67 1
68 1
69 1
70 1
71 1
72 1
73 1
74 1
75 1
76 1
77 1
78 1
79 1
80 1
81 1
82 1
83 1
84 1
85 1
86 1
89 3
90 3
91 3
92 3
93 3
94 3
95 3
96 3
97 3
98 3
99 3
100 3
101 3
102 3
103 3
104 3
105 3
106 3
107 3
108 3
109 3
110 3
111 3
112 3
113 3
114 3
115 3
116 3
117 3
118 3
119 3
120 3
121 3
122 3
123 3
124 3
125 3
126 3
127 3
128 3
129 3
130 3
131 3
132 3
133 3
134 3
135 3
136 3
137 3
138 3
139 3
140 3
141 3
142 3
143 3
144 3
145 3
146 3
147 3
148 3
149 3
150 3
151 3
152 3
153 3
154 3
155 3
156 3
157 3
158 3
159 3
160 3
161 3
162 3
163 3
164 3
165 3
166 3
167 3
168 3
169 3
170 3
171 3
172 3
173 3
174 3
175 3
176 3
177 3
178 3
179 3
180 3
181 3
182 3
183 3
184 3
185 3
186 3
187 3
188 3
189 3
190 3
191 3
192 3
209 9
210 9
211 9
212 9
213 9
214 9
215 9
216 9
217 9
218 9
219 9
220 9
221 9
222 9
223 9
224 9
225 9
226 9
227 9
228 9
229 9
230 9
231 9
232 9
233 9
234 9
235 9
236 9
237 9
238 9
239 9
240 9
241 9
242 9
243 9
244 9
245 9
246 9
247 9
248 9
249 9
250 9
251 9
252 9
253 9
254 9
255 9
256 9
257 9
258 9
259 9
260 9
261 9
262 9
267 11
268 11
269 11
270 11
271 11
272 11
273 11
274 11
275 11
276 11
277 11
278 11
279 11
280 11
281 11
282 11
283 11
284 11
285 11
286 11
287 11
288 11
289 11
290 11
291 11
292 11
293 11
294 11
295 11
296 11
297 11
298 11
299 11
300 11
301 11
302 11
303 11
304 11
305 11
306 11
307 11
308 11
309 11
310 11
311 11
312 11
313 11
314 11
315 11
316 11
317 11
318 11
319 11
320 11
321 11
322 11
323 11
324 11
325 11
326 11
327 11
328 11
329 11
330 11
331 11
332 11
334 14
335 14
336 14
337 14
338 14
339 14
340 14
341 14
342 14
343 14
344 14
345 14
346 14
347 14
348 14
349 14
350 14
351 14
352 14
353 14
354 14
355 14
356 14
357 14
358 14
359 14
360 14
361 14
362 14
363 14
364 14
365 14
366 14
367 14
368 14
369 14
370 14
371 14
372 14
373 14
374 14
375 14
376 14
377 14
395 23
396 23
397 23
398 23
399 23
400 23
401 23
402 23
403 23
404 23
405 23
406 23
407 23
408 23
