0 1
1 1
2 1
3 1
4 1
5 1
6 1
7 1
8 1
9 1
10 1
11 1
12 1
13 1
14 1
15 1
16 1
17 1
18 1
19 1
20 1
21 1
22 1
23 1
24 1
25 1
26 1
27 1
28 1
29 1
30 1
31 1
32 1
33 1
34 1
35 1
36 1
37 1
38 1
39 1
40 1
41 1
42 1
43 1
44 1
45 1
46 1
47 1
48 1
49 1
50 1
51 1
52 1
53 1
54 1
55 1
56 1
57 1
58 1
59 1
60 1
61 1
62 1
63 1
64 1
65 1
66 1
67 1
68 1
69 1
70 1
71 1
72 1
73 1
74 1
75 1
76 1
77 1
78 1
79 1
80 1
81 1
82 1
83 1
84 1
85 1
86 1
87 1
88 1
89 1
90 1
91 1
92 1
93 1
94 1
95 1
96 1
97 1
98 1
99 1
100 1
101 1
102 1
103 1
104 1
105 1
106 1
107 1
108 1
109 1
110 1
111 2
112 2
113 2
114 2
115 2
116 2
117 2
118 2
119 2
120 2
121 2
122 2
123 2
124 2
125 2
126 2
127 2
128 2
129 2
130 2
131 2
132 2
133 2
134 2
135 2
136 2
137 2
138 2
139 2
140 2
141 2
142 2
143 2
144 3
145 3
146 3
147 3
148 3
149 3
150 3
151 3
152 3
153 3
154 3
155 3
156 3
157 3
158 3
159 3
160 3
161 3
162 3
168 6
169 6
170 6
171 6
172 6
173 6
174 6
175 6
176 6
177 6
178 6
179 6
180 6
181 6
182 6
183 6
184 6
185 6
186 6
187 6
188 6
189 6
190 6
191 6
192 6
193 6
194 6
195 6
196 6
197 6
198 6
199 6
200 6
201 6
202 6
203 6
204 6
205 6
206 6
207 6
208 6
209 6
210 6
211 6
212 6
213 6
214 6
215 6
216 6
217 6
218 6
219 6
220 6
221 6
222 6
223 6
224 6
225 6
226 6
239 10
240 10
241 10
242 10
243 10
244 10
245 10
246 10
247 10
248 10
249 10
250 10
251 10
252 10
253 10
254 10
255 10
256 10
257 10
258 10
259 10
260 11
261 11
262 11
263 11
264 11
265 11
266 11
267 11
268 11
269 11
270 11
271 11
272 11
273 12
274 12
275 12
276 12
277 12
278 12
279 12
280 12
281 12
282 12
283 12
284 12
285 12
286 12
287 12
288 12
289 12
290 12
291 12
292 12
293 12
294 12
295 12
296 12
297 12
298 12
299 12
300 12
301 12
302 12
303 12
304 12
305 12
306 12
307 12
308 12
309 12
310 12
311 12
312 12
313 12
346 22
347 22
348 22
349 22
350 22
351 22
352 22
353 22
354 22
355 22
356 22
357 23
358 23
359 23
360 23
361 23
362 23
363 23
364 23
365 23
366 23
367 23
368 23
369 23
370 23
371 23
372 23
373 23
374 23
375 23
376 23
377 23
378 23
379 23
380 23
381 23
382 23
383 23
393 27
394 27
395 27
396 27
397 27
398 27
399 27
400 27
401 27
402 27
