0 1
1 1
2 1
3 1
4 1
5 1
6 1
7 1
8 1
9 1
10 1
11 1
12 1
13 1
14 1
15 1
16 1
17 1
18 1
19 1
20 1
21 1
22 1
23 1
24 1
25 1
26 1
27 1
28 1
29 1
30 1
31 1
32 1
33 1
34 1
35 1
36 1
37 1
38 1
39 1
40 1
41 1
42 1
43 1
44 1
45 1
46 1
47 1
48 1
49 1
50 1
51 1
52 1
53 1
54 1
55 1
56 2
57 2
58 2
59 2
60 2
61 2
62 2
63 2
64 2
65 2
66 2
67 2
68 2
69 2
70 2
71 2
72 2
73 2
74 2
75 2
76 2
77 2
78 2
79 2
80 2
81 2
82 2
83 2
84 2
85 2
86 2
87 2
88 2
89 2
90 2
91 2
92 2
93 2
94 2
96 4
97 4
98 4
99 4
100 4
101 4
102 4
103 4
104 4
105 4
106 4
107 4
116 9
117 9
118 9
119 9
120 9
121 9
122 9
123 9
124 9
125 9
126 9
137 14
138 14
139 14
140 14
141 14
142 14
143 14
144 14
145 14
146 14
147 14
155 16
156 16
157 16
158 16
159 16
160 16
161 16
162 16
163 16
164 16
165 16
166 16
167 16
168 17
169 17
170 17
171 17
172 17
173 17
174 17
175 17
176 17
177 17
178 17
179 17
180 17
181 17
182 17
183 17
184 18
185 18
186 18
187 18
188 18
189 18
190 18
191 18
192 18
193 18
194 18
195 18
196 18
197 18
198 18
199 18
