0 1
1 1
2 1
3 1
4 1
5 1
6 1
7 1
8 1
9 1
10 1
11 1
12 1
13 1
14 1
15 1
16 1
17 1
18 1
19 1
20 1
21 1
22 1
23 1
24 1
25 1
26 1
27 1
28 1
29 1
30 1
31 1
32 1
33 1
34 1
35 1
36 1
37 1
38 1
39 1
40 1
41 1
42 1
43 1
44 1
45 1
46 1
47 1
48 1
49 1
50 1
51 1
52 1
53 1
54 1
55 1
56 1
57 1
58 1
59 1
60 1
61 1
62 1
63 1
64 1
65 1
66 1
67 1
68 1
69 1
70 1
71 1
72 1
73 1
74 1
75 1
76 1
77 1
78 1
79 1
80 1
81 1
82 1
83 1
84 1
85 1
86 1
87 1
88 1
89 1
90 1
91 1
92 1
93 1
94 1
95 1
96 1
97 1
98 1
99 1
100 1
101 1
102 1
103 1
104 2
105 2
106 2
107 2
108 2
109 2
110 2
111 2
112 2
113 2
114 2
115 2
116 2
117 2
118 2
119 2
120 2
121 2
122 2
123 2
124 2
125 2
126 2
127 2
128 2
129 2
130 2
131 2
132 2
133 2
134 2
135 2
136 2
137 2
138 2
139 2
140 2
141 2
142 2
143 2
144 2
145 2
146 2
147 2
148 2
149 3
150 3
151 3
152 3
153 3
154 3
155 3
156 3
157 3
158 3
159 3
160 3
161 3
162 3
163 3
164 3
165 3
166 3
167 3
168 3
169 3
170 3
171 3
172 3
173 3
174 3
175 3
176 3
177 3
178 3
179 3
180 3
181 3
182 3
183 3
184 3
185 3
186 3
187 3
188 3
189 3
190 3
191 3
192 3
193 3
194 3
195 3
196 3
197 3
198 3
199 3
200 3
201 3
202 3
203 3
204 3
205 3
206 3
207 3
208 3
209 3
210 3
211 3
212 3
213 3
214 3
215 3
216 3
217 3
218 3
219 3
220 3
221 3
222 3
223 3
224 3
225 3
226 3
227 3
228 3
229 3
230 3
231 3
232 3
233 3
234 3
235 3
236 3
237 3
238 3
239 3
240 3
241 3
242 3
243 3
244 3
245 3
246 3
247 3
248 3
249 3
250 3
251 3
252 3
253 3
254 3
255 3
256 3
257 3
258 3
259 3
260 3
261 3
262 4
263 4
264 4
265 4
266 4
267 4
268 4
269 4
270 4
271 4
272 4
273 4
274 4
275 4
276 4
277 5
278 5
279 5
280 5
281 5
282 5
283 5
284 5
285 5
286 5
287 5
337 22
338 22
339 22
340 22
341 22
342 22
343 22
344 22
345 22
346 22
362 27
363 27
364 27
365 27
366 27
367 27
368 27
369 27
370 27
371 27
372 27
373 27
374 28
375 28
376 28
377 28
378 28
379 28
380 28
381 28
382 28
383 28
384 28
385 28
386 28
387 30
388 30
389 30
390 30
391 30
392 30
393 30
394 30
395 30
396 30
397 30
398 30
399 30
400 30
401 30
402 30
403 30
404 30
405 30
406 30
407 30
408 30
409 30
410 30
411 30
412 30
413 30
414 30
415 30
416 30
417 30
418 30
419 30
420 30
421 30
422 31
423 31
424 31
425 31
426 31
427 31
428 31
429 31
430 31
431 31
432 31
433 31
441 37
442 37
443 37
444 37
445 37
446 37
447 37
448 37
449 37
450 37
459 40
460 40
461 40
462 40
463 40
464 40
465 40
466 40
467 40
468 40
469 40
470 40
471 41
472 41
473 41
474 41
475 41
476 41
477 41
478 41
479 41
480 41
481 41
486 45
487 45
488 45
489 45
490 45
491 45
492 45
493 45
494 45
495 45
548 71
549 71
550 71
551 71
552 71
553 71
554 71
555 71
556 71
557 71
558 71
