14 3
15 3
16 3
17 3
18 3
19 3
20 3
21 3
22 3
23 3
44 10
45 10
46 10
47 10
48 10
49 10
50 10
51 10
52 10
53 10
54 10
55 10
56 10
57 10
58 10
59 10
67 13
68 13
69 13
70 13
71 13
72 13
73 13
74 13
75 13
76 13
77 13
78 13
79 13
80 13
81 13
82 13
83 13
84 13
85 13
86 13
87 13
92 15
93 15
94 15
95 15
96 15
97 15
98 15
99 15
100 15
101 15
102 15
103 15
104 15
105 15
106 15
107 15
108 15
109 15
110 15
111 15
112 15
113 15
114 15
115 15
116 15
117 15
118 15
119 15
120 15
121 15
122 15
123 16
124 16
125 16
126 16
127 16
128 16
129 16
130 16
131 16
132 16
133 16
134 16
135 16
136 16
137 16
138 16
139 16
140 16
141 16
142 16
143 16
144 17
145 17
146 17
147 17
148 17
149 17
150 17
151 17
152 17
153 17
154 17
155 17
156 17
157 17
158 17
162 21
163 21
164 21
165 21
166 21
167 21
168 21
169 21
170 21
171 21
172 21
173 21
179 25
180 25
181 25
182 25
183 25
184 25
185 25
186 25
187 25
188 25
189 25
190 25
191 25
192 25
193 25
194 26
195 26
196 26
197 26
198 26
199 26
200 26
201 26
202 26
203 26
204 26
205 26
206 26
207 26
208 26
209 26
210 26
211 26
224 31
225 31
226 31
227 31
228 31
229 31
230 31
231 31
232 31
233 31
234 31
235 31
236 31
237 31
238 31
255 41
256 41
257 41
258 41
259 41
260 41
261 41
262 41
263 41
264 41
265 41
266 41
267 41
268 41
269 41
270 41
