0 1
1 1
2 1
3 1
4 1
5 1
6 1
7 1
8 1
9 1
10 1
11 1
12 1
13 1
14 1
15 1
16 1
17 1
18 1
19 1
20 1
21 1
22 1
23 1
24 1
25 1
26 1
27 1
28 1
29 1
30 1
31 1
34 5
35 5
36 5
37 5
38 5
39 5
40 5
41 5
42 5
43 5
44 5
45 5
46 5
47 5
48 5
49 5
50 5
51 5
52 5
53 5
54 6
55 6
56 6
57 6
58 6
59 6
60 6
61 6
62 6
63 6
64 6
65 6
66 6
67 6
68 6
69 6
70 6
71 6
72 6
73 6
74 6
75 6
76 6
77 6
78 6
79 6
80 6
81 6
82 6
83 6
84 6
85 6
86 6
87 6
88 6
89 6
90 6
91 6
92 6
93 6
94 6
95 6
96 6
97 6
98 6
99 6
100 6
101 6
102 6
103 6
104 6
105 6
106 6
107 6
108 6
109 6
110 6
111 6
112 6
113 6
114 6
115 6
116 6
117 6
118 6
119 6
120 6
121 6
122 6
123 6
124 6
125 6
126 6
127 6
128 6
129 6
130 6
131 6
132 6
133 6
134 6
135 6
136 6
137 6
138 6
139 6
140 6
141 6
142 6
143 6
144 6
145 6
146 6
147 6
148 6
149 6
150 6
151 6
152 6
153 6
154 6
155 6
156 6
157 6
158 6
159 6
160 6
161 6
162 6
163 6
164 6
165 6
166 6
167 6
168 6
169 6
170 6
171 6
172 6
173 6
174 6
175 6
176 6
177 6
178 6
179 6
180 6
181 6
182 6
183 6
184 6
185 6
186 6
187 6
188 6
189 6
190 6
191 6
192 6
193 6
194 6
195 6
196 6
197 6
198 6
199 6
200 6
202 8
203 8
204 8
205 8
206 8
207 8
208 8
209 8
210 8
211 8
212 8
213 8
248 20
249 20
250 20
251 20
252 20
253 20
254 20
255 20
256 20
257 20
258 20
259 20
260 20
261 20
262 20
263 20
264 20
265 20
266 20
267 20
268 20
269 20
270 20
271 20
272 20
273 20
274 22
275 22
276 22
277 22
278 22
279 22
280 22
281 22
282 22
283 22
284 22
285 22
286 22
287 22
288 22
289 22
290 22
291 22
292 22
293 22
294 22
295 22
296 22
297 22
298 22
299 22
300 22
301 22
302 22
303 22
304 22
305 22
306 22
307 22
308 22
309 22
310 22
311 22
312 22
313 22
314 22
319 25
320 25
321 25
322 25
323 25
324 25
325 25
326 25
327 25
328 25
343 32
344 32
345 32
346 32
347 32
348 32
349 32
350 32
351 32
352 32
353 32
354 32
355 32
356 33
357 33
358 33
359 33
360 33
361 33
362 33
363 33
364 33
365 33
366 33
367 34
368 34
369 34
370 34
371 34
372 34
373 34
374 34
375 34
376 34
377 34
378 34
379 34
380 34
401 46
402 46
403 46
404 46
405 46
406 46
407 46
408 46
409 46
410 46
411 46
412 46
413 46
414 46
415 47
416 47
417 47
418 47
419 47
420 47
421 47
422 47
423 47
424 47
425 47
426 48
427 48
428 48
429 48
430 48
431 48
432 48
433 48
434 48
435 48
436 48
437 48
438 48
