0 1
1 1
2 1
3 1
4 1
5 1
6 1
7 1
8 1
9 1
10 1
11 1
12 1
13 1
14 1
15 1
16 1
17 1
18 1
19 1
20 1
21 1
22 1
23 1
24 1
25 1
26 1
27 1
28 1
29 1
30 1
31 1
32 1
33 1
34 1
35 1
36 1
37 1
38 1
39 1
40 1
41 1
42 1
43 1
44 1
45 1
46 1
47 1
48 1
49 1
50 1
51 1
52 1
53 1
54 1
55 1
56 1
57 1
58 1
78 5
79 5
80 5
81 5
82 5
83 5
84 5
85 5
86 5
87 5
88 5
89 5
90 5
91 5
92 5
93 5
94 5
95 5
102 7
103 7
104 7
105 7
106 7
107 7
108 7
109 7
110 7
111 7
112 7
113 7
114 7
115 7
116 7
117 7
119 10
120 10
121 10
122 10
123 10
124 10
125 10
126 10
127 10
128 10
129 10
130 10
131 10
132 10
133 10
134 10
135 10
136 10
137 10
138 10
139 10
140 10
141 10
142 11
143 11
144 11
145 11
146 11
147 11
148 11
149 11
150 11
151 11
152 11
153 11
154 12
155 12
156 12
157 12
158 12
159 12
160 12
161 12
162 12
163 12
164 12
165 12
166 12
171 15
172 15
173 15
174 15
175 15
176 15
177 15
178 15
179 15
180 15
181 15
182 15
183 15
184 15
185 15
186 15
187 15
188 15
189 15
190 15
191 15
200 18
201 18
202 18
203 18
204 18
205 18
206 18
207 18
208 18
209 18
210 18
211 18
212 18
213 18
214 18
