0 1
1 1
2 1
3 1
4 1
5 1
6 1
7 1
8 1
9 1
10 1
11 1
12 1
13 1
14 1
15 1
16 1
17 1
18 1
19 1
20 1
21 1
22 1
23 2
24 2
25 2
26 2
27 2
28 2
29 2
30 2
31 2
32 2
33 2
34 2
35 2
36 2
37 2
38 2
39 2
40 2
41 2
42 2
43 2
44 2
45 2
46 2
47 2
48 2
58 7
59 7
60 7
61 7
62 7
63 7
64 7
65 7
66 7
67 7
68 7
69 7
70 7
71 7
72 7
73 7
74 7
75 7
76 7
77 7
78 8
79 8
80 8
81 8
82 8
83 8
84 8
85 8
86 8
87 8
88 8
89 8
90 8
91 8
92 8
93 8
94 8
95 8
96 9
97 9
98 9
99 9
100 9
101 9
102 9
103 9
104 9
105 9
106 9
107 9
111 11
112 11
113 11
114 11
115 11
116 11
117 11
118 11
119 11
120 11
121 11
122 11
123 11
124 11
125 11
128 13
129 13
130 13
131 13
132 13
133 13
134 13
135 13
136 13
137 13
138 13
139 13
140 13
141 13
142 13
143 13
144 13
