0 1
1 1
2 1
3 1
4 1
5 1
6 1
7 1
8 1
9 1
10 1
11 1
12 1
13 1
14 1
15 1
16 1
17 1
18 1
19 1
20 1
21 1
22 1
23 1
24 1
25 1
26 1
27 1
28 1
29 1
30 1
31 1
32 1
33 1
34 1
35 1
36 1
37 1
38 1
39 1
40 1
41 1
42 1
43 1
44 1
45 1
46 1
47 1
48 1
49 1
50 1
51 1
52 1
53 1
54 1
55 1
56 1
57 1
58 1
59 1
60 1
61 1
62 1
63 1
64 1
65 1
66 1
67 1
68 1
69 1
70 1
71 1
72 1
73 1
74 1
75 1
76 1
77 1
78 1
79 1
80 1
81 1
82 1
83 2
84 2
85 2
86 2
87 2
88 2
89 2
90 2
91 2
92 2
93 2
94 2
95 2
96 2
97 2
98 2
99 2
100 2
101 2
102 2
103 2
108 5
109 5
110 5
111 5
112 5
113 5
114 5
115 5
116 5
117 5
118 5
123 7
124 7
125 7
126 7
127 7
128 7
129 7
130 7
131 7
132 7
133 7
134 7
135 7
136 7
137 7
138 7
139 7
140 7
141 7
142 7
143 7
144 7
145 7
146 7
147 8
148 8
149 8
150 8
151 8
152 8
153 8
154 8
155 8
156 8
157 8
158 8
159 8
160 8
161 8
192 21
193 21
194 21
195 21
196 21
197 21
198 21
199 21
200 21
201 21
202 21
211 25
212 25
213 25
214 25
215 25
216 25
217 25
218 25
219 25
220 25
221 25
222 25
223 25
226 27
227 27
228 27
229 27
230 27
231 27
232 27
233 27
234 27
235 27
236 27
237 27
238 27
252 35
253 35
254 35
255 35
256 35
257 35
258 35
259 35
260 35
261 35
262 35
263 35
