0 1
1 1
2 1
3 1
4 1
5 1
6 1
7 1
8 1
9 1
10 1
11 1
12 1
13 1
14 1
15 1
16 1
17 1
18 1
25 3
26 3
27 3
28 3
29 3
30 3
31 3
32 3
33 3
34 3
35 3
36 3
37 3
38 3
39 3
40 3
41 3
42 3
43 3
44 3
45 3
46 3
47 3
48 3
49 3
50 3
51 3
52 3
53 3
75 10
76 10
77 10
78 10
79 10
80 10
81 10
82 10
83 10
84 10
85 10
86 10
87 10
88 10
89 10
90 10
91 10
92 10
93 10
94 10
95 10
96 10
97 10
98 10
99 10
100 10
101 10
102 10
116 16
117 16
118 16
119 16
120 16
121 16
122 16
123 16
124 16
125 16
126 16
127 16
128 16
129 16
130 16
131 16
133 18
134 18
135 18
136 18
137 18
138 18
139 18
140 18
141 18
142 18
143 18
144 18
145 18
146 18
147 18
148 18
149 18
150 18
151 18
152 18
153 18
154 18
155 18
156 18
157 18
158 18
159 18
160 18
161 18
162 18
163 18
164 18
165 18
166 18
167 18
168 18
169 18
170 18
171 18
172 18
173 18
174 18
175 18
176 18
183 21
184 21
185 21
186 21
187 21
188 21
189 21
190 21
191 21
192 21
193 21
194 21
195 21
196 21
197 21
198 21
199 21
200 21
201 21
202 21
203 21
204 21
205 21
206 21
207 21
208 21
209 21
210 21
211 21
212 21
213 21
214 21
215 21
216 21
217 21
218 21
219 21
220 21
221 21
222 21
223 21
224 21
225 21
226 21
227 21
228 21
229 21
230 21
231 21
232 21
233 21
234 21
235 21
236 21
237 21
238 21
239 21
240 21
241 21
242 21
243 21
244 22
245 22
246 22
247 22
248 22
249 22
250 22
251 22
252 22
253 22
254 22
255 22
256 22
257 22
258 22
259 22
260 22
261 22
264 24
265 24
266 24
267 24
268 24
269 24
270 24
271 24
272 24
273 24
274 24
282 27
283 27
284 27
285 27
286 27
287 27
288 27
289 27
290 27
291 27
292 28
293 28
294 28
295 28
296 28
297 28
298 28
299 28
300 28
301 28
302 28
303 28
304 28
305 28
306 28
307 28
308 29
309 29
310 29
311 29
312 29
313 29
314 29
315 29
316 29
317 29
318 29
319 29
320 29
321 29
322 29
323 29
324 29
325 29
326 29
327 30
328 30
329 30
330 30
331 30
332 30
333 30
334 30
335 30
336 30
337 30
338 30
339 30
340 30
341 30
342 30
343 30
344 30
345 30
346 30
347 30
348 30
349 30
350 30
351 30
352 30
367 35
368 35
369 35
370 35
371 35
372 35
373 35
374 35
375 35
376 35
377 35
378 36
379 36
380 36
381 36
382 36
383 36
384 36
385 36
386 36
387 36
388 36
389 36
390 36
391 36
392 36
393 36
395 38
396 38
397 38
398 38
399 38
400 38
401 38
402 38
403 38
404 38
405 38
406 38
407 38
408 38
413 46
414 46
415 46
416 46
417 46
418 46
419 46
420 46
421 46
422 46
423 46
