3 2
4 2
5 2
6 2
7 2
8 2
9 2
10 2
11 2
12 2
13 2
14 2
15 3
16 3
17 3
18 3
19 3
20 3
21 3
22 3
23 3
24 3
25 3
26 3
27 3
28 3
29 3
30 3
31 3
32 3
33 3
34 3
35 3
36 3
37 3
38 3
39 3
40 3
41 3
42 3
43 3
44 3
45 3
46 3
47 3
48 3
49 3
50 3
51 3
52 3
53 3
54 3
55 3
56 3
57 3
58 3
59 3
60 3
61 3
62 3
63 3
64 3
65 3
66 3
67 3
68 3
69 3
70 3
71 3
72 3
73 3
74 3
75 3
76 3
77 3
78 3
79 3
80 3
81 3
82 3
83 3
84 3
85 3
86 3
87 3
88 3
89 3
90 3
91 3
92 3
93 3
94 3
95 3
96 3
97 3
98 3
99 3
100 3
101 3
102 4
103 4
104 4
105 4
106 4
107 4
108 4
109 4
110 4
111 4
112 4
113 4
114 4
115 4
116 4
117 4
118 4
119 4
120 4
121 4
122 4
123 4
124 4
125 4
126 4
127 4
128 4
129 4
130 4
131 4
132 4
133 4
134 4
135 4
136 4
137 4
138 4
139 4
140 4
141 4
142 4
143 4
144 4
145 4
146 4
147 4
148 4
149 4
150 4
151 4
152 4
153 4
154 4
155 4
156 4
157 4
158 4
159 4
160 4
161 4
162 4
163 4
164 4
165 4
166 4
167 4
168 4
169 4
170 4
171 4
172 4
173 4
174 4
175 4
176 4
177 4
178 4
179 4
180 4
181 4
182 4
183 4
184 4
185 4
186 4
187 4
188 5
189 5
190 5
191 5
192 5
193 5
194 5
195 5
196 5
197 5
198 5
199 5
200 5
201 5
202 5
203 5
204 5
205 5
206 5
207 5
208 5
209 5
210 5
211 5
212 5
213 5
214 5
215 5
216 5
217 5
218 5
219 5
220 5
221 5
222 5
223 5
224 5
225 5
226 5
227 5
228 5
229 5
230 5
231 5
232 5
233 5
234 6
235 6
236 6
237 6
238 6
239 6
240 6
241 6
242 6
243 6
244 6
245 6
246 6
247 6
248 6
249 6
250 6
251 6
252 6
253 6
254 6
255 6
256 6
257 6
258 6
259 6
260 6
261 6
262 6
263 6
264 6
265 6
266 6
267 6
268 6
269 6
270 7
271 7
272 7
273 7
274 7
275 7
276 7
277 7
278 7
279 7
280 7
281 7
282 7
283 7
284 7
285 7
286 7
287 7
288 7
289 7
290 7
291 7
292 7
293 7
294 7
295 7
296 7
297 7
298 7
299 7
300 7
301 7
302 7
303 7
304 7
305 7
306 7
307 8
308 8
309 8
310 8
311 8
312 8
313 8
314 8
315 8
316 8
317 8
318 8
319 8
320 8
321 8
322 8
323 8
324 8
325 8
326 8
327 8
328 8
329 8
330 8
331 8
332 8
333 8
334 8
335 8
336 8
337 8
338 8
339 8
340 8
341 8
342 8
343 8
344 8
345 8
346 8
347 8
348 8
349 8
350 8
351 8
352 8
353 8
359 10
360 10
361 10
362 10
363 10
364 10
365 10
366 10
367 10
368 10
369 10
370 10
371 10
372 10
373 10
374 10
375 10
376 10
377 10
378 10
379 10
380 11
381 11
382 11
383 11
384 11
385 11
386 11
387 11
388 11
389 11
390 11
391 11
392 11
393 11
394 11
395 11
396 11
397 11
398 11
399 11
400 11
401 11
402 11
412 13
413 13
414 13
415 13
416 13
417 13
418 13
419 13
420 13
421 13
422 14
423 14
424 14
425 14
426 14
427 14
428 14
429 14
430 14
431 14
432 14
433 14
434 14
435 14
436 14
437 14
438 14
439 14
440 14
441 14
442 14
443 14
444 14
445 14
446 14
447 14
448 14
449 14
450 14
451 14
452 14
453 14
454 14
455 14
470 17
471 17
472 17
473 17
474 17
475 17
476 17
477 17
478 17
479 17
480 17
481 17
482 17
483 17
484 17
485 17
486 17
487 18
488 18
489 18
490 18
491 18
492 18
493 18
494 18
495 18
496 18
497 18
498 18
499 18
500 18
501 18
502 18
503 18
504 18
505 18
506 18
507 18
508 18
509 18
510 18
511 18
512 18
522 21
523 21
524 21
525 21
526 21
527 21
528 21
529 21
530 21
531 21
532 21
533 21
534 21
535 21
536 21
537 21
543 24
544 24
545 24
546 24
547 24
548 24
549 24
550 24
551 24
552 24
553 24
554 24
555 24
556 24
557 24
558 24
559 24
560 24
561 24
562 24
563 24
583 33
584 33
585 33
586 33
587 33
588 33
589 33
590 33
591 33
592 33
593 33
594 33
595 33
596 33
597 33
598 33
622 38
623 38
624 38
625 38
626 38
627 38
628 38
629 38
630 38
631 38
632 38
633 38
634 38
635 38
636 38
637 38
638 38
639 38
640 38
641 38
642 38
643 38
646 40
647 40
648 40
649 40
650 40
651 40
652 40
653 40
654 40
655 40
656 40
657 40
658 40
659 40
660 40
661 40
662 40
663 40
664 40
665 40
666 40
667 40
668 40
669 40
670 40
671 40
672 40
673 40
674 40
675 40
676 40
677 40
678 40
679 40
680 40
681 40
682 40
683 40
684 40
685 40
686 40
687 40
688 40
689 40
690 40
691 40
692 40
693 40
694 40
695 40
696 40
697 40
698 40
699 40
700 40
787 64
788 64
789 64
790 64
791 64
792 64
793 64
794 64
795 64
796 64
797 64
798 64
799 64
809 66
810 66
811 66
812 66
813 66
814 66
815 66
816 66
817 66
818 66
819 66
871 84
872 84
873 84
874 84
875 84
876 84
877 84
878 84
879 84
880 84
881 84
882 84
883 84
884 84
885 84
886 84
893 88
894 88
895 88
896 88
897 88
898 88
899 88
900 88
901 88
902 88
910 93
911 93
912 93
913 93
914 93
915 93
916 93
917 93
918 93
919 93
920 93
921 93
932 99
933 99
934 99
935 99
936 99
937 99
938 99
939 99
940 99
941 99
942 99
943 99
944 99
945 99
