9 2
10 2
11 2
12 2
13 2
14 2
15 2
16 2
17 2
18 2
19 2
20 2
21 2
22 2
23 2
24 2
25 2
26 2
27 2
28 2
29 3
30 3
31 3
32 3
33 3
34 3
35 3
36 3
37 3
38 3
39 3
40 3
41 3
42 3
43 3
44 3
45 3
46 3
47 3
48 3
49 3
50 3
51 3
52 3
53 3
54 3
55 3
56 3
57 3
58 3
59 3
60 3
61 3
62 3
63 3
64 3
65 4
66 4
67 4
68 4
69 4
70 4
71 4
72 4
73 4
74 4
75 4
76 4
77 4
78 4
79 4
80 4
81 4
82 4
83 4
84 4
85 4
86 4
87 4
88 4
89 4
90 4
91 4
92 4
93 4
94 4
95 4
96 4
97 4
98 4
99 4
100 4
101 4
102 4
103 4
112 6
113 6
114 6
115 6
116 6
117 6
118 6
119 6
120 6
121 6
122 6
123 6
124 6
125 6
126 6
127 6
128 6
129 6
130 6
131 6
132 6
133 6
134 6
135 6
136 6
137 6
138 6
146 9
147 9
148 9
149 9
150 9
151 9
152 9
153 9
154 9
155 9
160 11
161 11
162 11
163 11
164 11
165 11
166 11
167 11
168 11
169 11
170 11
171 11
172 11
173 11
174 11
175 11
176 11
177 11
178 11
179 11
184 14
185 14
186 14
187 14
188 14
189 14
190 14
191 14
192 14
193 14
218 29
219 29
220 29
221 29
222 29
223 29
224 29
225 29
226 29
227 29
228 29
229 29
230 29
231 29
232 29
233 29
234 29
235 29
236 30
237 30
238 30
239 30
240 30
241 30
242 30
243 30
244 30
245 30
246 30
247 30
248 30
249 30
250 30
251 30
259 37
260 37
261 37
262 37
263 37
264 37
265 37
266 37
267 37
268 37
269 37
270 37
271 37
272 37
273 37
277 40
278 40
279 40
280 40
281 40
282 40
283 40
284 40
285 40
286 40
287 40
288 40
289 41
290 41
291 41
292 41
293 41
294 41
295 41
296 41
297 41
298 41
299 41
