0 1
1 1
2 1
3 1
4 1
5 1
6 1
7 1
8 1
9 1
10 1
11 1
12 1
13 1
14 1
15 1
26 5
27 5
28 5
29 5
30 5
31 5
32 5
33 5
34 5
35 5
36 5
37 5
38 5
39 5
40 5
41 5
42 5
43 5
44 5
45 5
46 5
47 5
48 5
49 5
50 5
51 5
52 5
53 5
54 5
55 5
56 5
57 5
58 5
59 5
60 5
61 5
62 5
63 5
64 5
65 5
66 5
67 5
68 5
69 5
70 5
71 5
72 5
73 5
74 5
75 5
76 5
77 5
78 5
79 5
80 5
81 5
82 5
83 5
84 5
85 5
86 5
87 5
88 5
89 5
90 5
91 5
92 5
93 5
94 5
95 5
96 5
97 5
98 5
99 5
100 5
101 5
102 5
103 5
104 5
105 5
106 5
107 5
108 5
109 5
110 5
111 5
112 5
113 5
114 5
115 5
116 5
117 5
118 5
119 5
120 5
121 5
122 5
123 5
124 5
125 5
126 5
127 5
128 5
129 5
130 5
131 5
132 5
133 5
134 5
135 5
136 5
137 5
138 5
139 5
140 5
141 5
142 5
143 5
144 5
145 5
146 5
147 5
148 5
149 5
150 5
151 5
152 5
153 5
154 5
155 5
156 5
157 5
158 5
159 5
160 5
161 5
166 8
167 8
168 8
169 8
170 8
171 8
172 8
173 8
174 8
175 8
176 8
177 8
178 8
179 8
180 8
181 8
182 8
183 10
184 10
185 10
186 10
187 10
188 10
189 10
190 10
191 10
192 10
193 10
194 10
195 10
196 10
199 12
200 12
201 12
202 12
203 12
204 12
205 12
206 12
207 12
208 12
209 13
210 13
211 13
212 13
213 13
214 13
215 13
216 13
217 13
218 13
219 13
220 13
221 13
222 13
223 13
224 13
225 15
226 15
227 15
228 15
229 15
230 15
231 15
232 15
233 15
234 15
235 15
236 15
237 15
238 15
239 16
240 16
241 16
242 16
243 16
244 16
245 16
246 16
247 16
248 16
249 16
250 16
251 16
252 16
253 16
254 16
255 16
256 16
257 16
258 16
259 16
260 16
261 16
262 16
263 16
264 16
265 16
266 16
267 16
268 16
269 16
270 16
271 16
272 16
273 16
274 16
275 16
302 24
303 24
304 24
305 24
306 24
307 24
308 24
309 24
310 24
311 24
312 24
313 24
314 24
315 24
316 24
317 24
318 24
319 24
320 24
321 24
322 24
323 24
324 24
325 24
326 24
327 24
328 24
329 24
330 24
331 24
332 24
333 24
334 24
346 27
347 27
348 27
349 27
350 27
351 27
352 27
353 27
354 27
355 27
356 27
357 27
358 27
359 27
360 27
361 27
362 27
363 27
364 27
365 27
366 27
