0 1
1 1
2 1
3 1
4 1
5 1
6 1
7 1
8 1
9 1
10 1
11 1
12 1
13 1
14 1
15 1
16 1
17 1
18 1
19 1
20 1
21 1
22 1
23 1
24 1
25 1
26 1
27 1
28 1
29 1
30 1
31 1
32 1
33 1
34 1
35 1
36 1
37 1
38 1
39 1
40 1
41 1
42 1
43 1
44 1
45 1
46 1
47 1
48 1
49 1
50 1
51 1
52 1
53 1
54 1
55 1
56 1
57 1
58 1
59 1
60 1
61 1
62 1
63 1
64 1
65 1
66 1
67 1
68 1
69 1
70 1
71 1
72 1
73 1
74 1
75 1
76 1
77 1
78 1
79 1
80 1
81 1
82 1
83 1
84 1
85 1
86 1
87 1
88 1
89 1
90 1
91 1
92 1
93 1
94 1
95 1
96 1
97 1
98 1
99 1
100 1
101 1
102 1
103 1
104 1
105 1
106 1
107 1
108 1
109 1
110 1
111 1
112 1
113 1
114 1
115 1
116 1
117 1
118 1
119 1
120 1
121 1
122 1
123 1
124 1
125 1
126 1
127 1
128 1
129 1
130 1
131 1
132 1
133 1
134 1
135 1
136 1
137 1
138 1
140 4
141 4
142 4
143 4
144 4
145 4
146 4
147 4
148 4
149 4
150 4
151 4
152 6
153 6
154 6
155 6
156 6
157 6
158 6
159 6
160 6
161 6
162 6
163 6
164 6
165 6
166 6
167 6
168 6
169 6
170 6
171 6
172 6
173 6
174 6
175 6
176 6
177 6
178 6
179 6
180 6
181 7
182 7
183 7
184 7
185 7
186 7
187 7
188 7
189 7
190 7
191 7
192 7
193 7
194 7
195 7
196 7
197 7
198 7
199 7
200 7
201 7
202 7
203 7
204 7
205 7
206 7
207 7
208 7
209 7
210 7
211 8
212 8
213 8
214 8
215 8
216 8
217 8
218 8
219 8
220 8
221 8
222 8
223 8
224 8
225 8
226 8
227 8
228 8
229 8
230 8
231 8
232 8
233 8
234 8
235 8
236 8
237 9
238 9
239 9
240 9
241 9
242 9
243 9
244 9
245 9
246 9
247 9
248 9
249 9
250 9
251 9
252 9
253 9
254 9
255 9
256 9
257 9
258 9
259 9
282 18
283 18
284 18
285 18
286 18
287 18
288 18
289 18
290 18
291 18
292 18
293 18
294 18
295 18
296 18
297 18
298 18
317 21
318 21
319 21
320 21
321 21
322 21
323 21
324 21
325 21
326 21
327 21
328 21
