0 1
1 1
2 1
3 1
4 1
5 1
6 1
7 1
8 1
9 1
10 1
11 1
12 1
13 1
14 1
15 1
16 1
17 1
18 1
19 1
20 1
21 1
22 1
23 1
24 1
25 1
26 1
27 1
28 1
29 1
30 1
31 1
32 1
33 1
34 1
35 1
36 1
37 1
38 1
39 1
40 1
41 1
42 1
43 1
44 1
45 1
46 1
47 1
48 1
49 1
50 1
51 1
52 1
53 1
54 1
55 1
56 1
57 1
58 1
59 1
60 1
61 1
62 1
63 1
64 1
65 1
66 1
67 1
68 1
69 1
70 1
71 1
72 1
73 1
74 1
75 1
76 1
77 1
78 1
79 1
80 1
81 1
82 1
83 1
84 1
85 1
86 1
87 1
88 1
89 1
90 1
91 1
92 1
93 1
94 1
95 1
96 1
97 1
98 1
99 1
100 1
101 1
102 1
103 1
104 1
105 1
106 1
107 1
108 1
109 1
110 1
111 1
112 1
113 1
114 1
115 1
116 1
117 1
118 1
119 1
120 1
121 1
122 1
123 1
124 1
125 1
126 1
127 1
128 1
129 1
130 1
131 1
132 1
133 1
134 1
135 1
136 1
137 1
138 1
139 1
140 1
141 1
147 3
148 3
149 3
150 3
151 3
152 3
153 3
154 3
155 3
156 3
157 3
158 3
159 3
172 8
173 8
174 8
175 8
176 8
177 8
178 8
179 8
180 8
181 8
182 8
183 8
194 13
195 13
196 13
197 13
198 13
199 13
200 13
201 13
202 13
203 13
204 13
205 14
206 14
207 14
208 14
209 14
210 14
211 14
212 14
213 14
214 14
215 14
216 14
217 14
219 17
220 17
221 17
222 17
223 17
224 17
225 17
226 17
227 17
228 17
229 17
230 17
231 17
232 17
233 17
234 17
235 17
236 17
237 17
238 18
239 18
240 18
241 18
242 18
243 18
244 18
245 18
246 18
247 18
248 18
249 18
250 18
263 25
264 25
265 25
266 25
267 25
268 25
269 25
270 25
271 25
272 25
273 25
274 25
275 25
276 25
277 25
278 25
279 25
280 25
281 25
310 35
311 35
312 35
313 35
314 35
315 35
316 35
317 35
318 35
319 35
320 35
339 42
340 42
341 42
342 42
343 42
344 42
345 42
346 42
347 42
348 42
349 42
350 42
351 42
352 42
353 42
354 42
355 42
356 42
357 42
358 42
359 42
360 42
361 42
362 43
363 43
364 43
365 43
366 43
367 43
368 43
369 43
370 43
371 43
