0 1
1 1
2 1
3 1
4 1
5 1
6 1
7 1
8 1
9 1
10 1
11 1
12 1
13 1
14 1
15 1
16 1
17 1
18 1
19 1
20 1
21 1
22 1
23 1
24 2
25 2
26 2
27 2
28 2
29 2
30 2
31 2
32 2
33 2
34 2
35 2
36 2
37 2
38 2
39 2
40 2
41 2
42 2
43 2
44 2
45 2
46 2
47 2
48 2
49 2
50 2
51 2
52 2
53 2
54 2
55 2
56 2
57 2
58 2
59 2
60 2
61 2
62 2
71 5
72 5
73 5
74 5
75 5
76 5
77 5
78 5
79 5
80 5
81 5
82 5
83 5
84 5
85 5
86 5
87 5
88 5
105 9
106 9
107 9
108 9
109 9
110 9
111 9
112 9
113 9
114 9
115 9
116 9
117 9
118 9
119 9
130 15
131 15
132 15
133 15
134 15
135 15
136 15
137 15
138 15
139 15
140 15
141 15
142 15
143 15
144 15
145 15
146 16
147 16
148 16
149 16
150 16
151 16
152 16
153 16
154 16
155 16
156 16
157 16
158 16
159 16
160 16
163 21
164 21
165 21
166 21
167 21
168 21
169 21
170 21
171 21
172 21
173 21
174 21
