0 1
1 1
2 1
3 1
4 1
5 1
6 1
7 1
8 1
9 1
10 1
11 1
12 1
13 1
14 1
15 1
16 1
17 1
18 1
19 1
20 1
21 1
22 1
23 1
24 1
25 1
26 1
27 1
28 1
29 1
30 1
31 1
32 1
33 1
34 1
35 1
36 1
37 1
38 1
39 1
40 1
41 1
42 1
43 1
44 1
45 1
46 1
47 1
48 1
49 1
50 1
51 1
52 1
53 1
54 1
55 1
56 1
57 1
58 1
59 1
60 1
61 1
62 1
63 1
64 1
65 1
66 1
67 1
68 1
69 1
70 1
71 1
72 1
73 1
74 1
75 1
76 1
77 1
78 1
79 1
80 1
81 1
82 1
92 3
93 3
94 3
95 3
96 3
97 3
98 3
99 3
100 3
101 3
102 3
103 3
104 3
105 3
106 3
107 3
108 3
109 3
110 3
111 3
112 3
113 3
114 3
115 3
116 3
117 3
118 3
119 3
120 3
121 3
122 3
123 3
124 3
125 3
126 3
141 9
142 9
143 9
144 9
145 9
146 9
147 9
148 9
149 9
150 9
151 9
152 9
153 9
154 9
155 9
156 9
157 9
158 9
159 9
160 9
161 9
162 9
163 9
164 9
165 9
166 9
167 9
181 13
182 13
183 13
184 13
185 13
186 13
187 13
188 13
189 13
190 13
191 13
192 13
193 13
194 13
195 13
196 13
197 13
198 13
199 13
200 13
201 13
202 13
203 13
204 13
205 13
206 13
207 13
208 13
209 13
210 13
211 13
212 13
213 13
214 13
