0 10000
0 10001
0 10002
1 10003
2 10004
2 10005
3 10006
3 10005
3 10007
4 10008
4 10005
4 10000
5 10009
5 10005
5 10010
5 10011
6 10006
6 10000
6 10005
6 10012
6 10010
7 10013
7 10014
7 10005
7 10007
8 10015
8 10005
8 10016
9 10006
9 10011
9 10005
10 10017
10 10005
10 10018
10 10007
11 10006
11 10000
11 10005
11 10012
11 10010
12 10015
12 10005
12 10000
13 10015
13 10005
13 10000
14 10009
14 10005
15 10015
15 10005
15 10010
15 10016
16 10008
16 10005
16 10010
16 10000
17 10009
17 10000
17 10005
17 10010
17 10018
18 10009
18 10005
18 10016
19 10005
19 10000
20 10004
20 10005
20 10007
21 10019
21 10005
21 10003
21 10018
22 10020
22 10005
22 10021
22 10022
23 10011
23 10005
23 10003
24 10023
24 10005
25 10017
25 10005
25 10000
26 10014
26 10006
26 10005
26 10000
26 10010
27 10006
27 10016
27 10005
27 10012
27 10010
28 10003
28 10005
29 10003
30 10008
30 10015
31 10003
32 10004
32 10005
32 10019
33 10003
34 10006
34 10024
34 10025
34 10005
34 10018
35 10026
35 10027
35 10005
36 10005
36 10009
36 10026
36 10007
37 10004
37 10005
37 10000
37 10028
38 10008
38 10005
38 10000
39 10015
39 10005
39 10000
39 10028
40 10008
40 10005
40 10000
41 10004
41 10005
41 10016
42 10015
42 10005
42 10000
42 10028
42 10002
43 10015
43 10005
43 10016
43 10028
44 10004
44 10005
44 10000
44 10028
45 10015
45 10005
45 10000
46 10004
46 10005
46 10000
46 10028
47 10015
47 10007
47 10005
48 10008
48 10005
48 10007
49 10004
49 10029
49 10002
49 10005
49 10000
50 10001
50 10000
50 10002
51 10004
51 10030
51 10029
51 10005
51 10000
52 10004
52 10029
52 10005
52 10000
53 10015
53 10030
53 10005
53 10007
53 10028
54 10015
54 10030
54 10005
54 10007
54 10028
55 10015
55 10000
55 10005
55 10010
56 10004
56 10030
56 10029
56 10005
56 10007
57 10004
57 10029
57 10005
57 10007
58 10031
58 10000
58 10005
59 10015
59 10030
59 10005
59 10007
59 10028
60 10015
60 10005
60 10007
60 10028
61 10023
61 10032
61 10005
62 10031
62 10007
62 10005
63 10014
63 10033
63 10034
64 10031
64 10000
64 10005
65 10015
65 10005
65 10000
66 10004
66 10029
66 10005
66 10007
67 10035
67 10015
67 10005
67 10000
68 10008
68 10005
68 10007
69 10036
69 10005
69 10000
70 10004
70 10037
70 10028
70 10038
70 10039
70 10040
71 10031
71 10005
71 10000
72 10041
72 10029
72 10007
72 10005
73 10035
73 10015
73 10007
73 10005
74 10041
74 10005
74 10007
75 10042
75 10007
75 10005
76 10008
76 10043
76 10005
76 10007
77 10023
77 10007
77 10005
78 10042
78 10007
78 10005
79 10044
79 10045
79 10046
79 10047
80 10048
80 10049
81 10048
81 10049
82 10050
82 10051
82 10049
82 10052
83 10053
83 10049
83 10054
83 10055
84 10049
85 10048
85 10056
85 10049
86 10048
86 10049
87 10048
87 10056
87 10049
88 10057
88 10049
88 10058
89 10059
89 10045
89 10044
89 10049
89 10047
90 10048
90 10049
91 10048
91 10049
92 10060
92 10061
92 10062
92 10049
93 10063
93 10064
93 10048
94 10065
94 10049
94 10066
94 10067
94 10068
95 10068
95 10069
95 10070
95 10071
96 10059
96 10045
96 10044
96 10049
96 10047
97 10071
97 10072
97 10073
97 10068
98 10059
98 10066
98 10065
98 10049
98 10047
99 10049
99 10074
99 10047
100 10071
100 10075
100 10073
100 10068
100 10065
101 10065
101 10066
101 10067
102 10044
102 10045
102 10046
102 10047
103 10059
103 10045
103 10044
103 10049
103 10047
104 10044
104 10059
104 10045
104 10049
104 10047
105 10066
105 10065
105 10076
105 10049
105 10077
106 10078
106 10079
106 10080
106 10049
106 10081
107 10082
107 10049
108 10057
108 10083
108 10049
109 10057
109 10083
109 10049
110 10084
110 10085
110 10086
110 10087
111 10045
111 10059
111 10044
111 10047
112 10082
112 10049
113 10044
113 10045
113 10046
113 10047
114 10088
114 10089
114 10090
114 10091
115 10044
115 10045
115 10046
115 10047
116 10092
116 10049
116 10093
116 10094
117 10044
117 10045
117 10046
117 10047
118 10044
118 10045
118 10046
118 10047
119 10045
119 10059
119 10044
119 10047
120 10095
120 10045
120 10044
120 10046
120 10047
121 10086
121 10087
121 10096
121 10097
122 10091
122 10098
122 10049
122 10047
123 10099
123 10091
124 10067
124 10100
124 10068
124 10049
124 10065
125 10101
125 10098
125 10102
126 10059
126 10091
126 10044
126 10045
126 10049
126 10047
127 10072
127 10044
127 10047
128 10101
128 10098
129 10083
129 10103
129 10104
129 10049
130 10071
130 10105
130 10073
130 10106
130 10068
131 10107
131 10098
131 10108
132 10101
132 10098
133 10109
133 10110
133 10098
134 10111
134 10112
134 10098
135 10048
135 10113
135 10114
136 10067
136 10115
136 10116
137 10117
137 10118
138 10071
138 10105
138 10119
138 10073
138 10068
139 10120
140 10121
140 10122
140 10123
140 10124
141 10125
141 10126
141 10127
141 10120
142 10124
142 10128
142 10129
143 10124
143 10128
143 10129
144 10130
144 10124
144 10131
144 10132
144 10128
145 10124
145 10133
145 10128
146 10134
146 10135
146 10136
146 10137
147 10136
148 10124
148 10128
148 10138
149 10124
149 10128
150 10124
150 10128
150 10139
151 10124
151 10128
151 10139
152 10124
152 10128
153 10124
153 10128
153 10139
154 10124
154 10128
155 10124
155 10128
155 10140
155 10129
156 10124
156 10128
157 10141
157 10124
157 10142
157 10128
158 10143
158 10144
159 10135
159 10145
159 10146
160 10130
160 10135
160 10115
160 10124
161 10126
161 10147
161 10115
161 10120
162 10148
162 10125
162 10124
163 10131
163 10124
163 10128
164 10137
164 10149
164 10123
165 10150
165 10125
166 10124
166 10151
166 10128
166 10133
167 10147
167 10120
168 10143
168 10144
169 10124
169 10152
169 10128
169 10133
170 10115
170 10153
170 10143
171 10115
171 10125
171 10120
172 10124
172 10154
172 10155
172 10128
173 10124
173 10128
173 10156
174 10121
174 10126
175 10124
175 10133
175 10157
175 10128
176 10124
176 10128
176 10154
176 10133
177 10135
177 10158
177 10124
178 10130
178 10131
178 10115
179 10124
179 10133
179 10157
179 10128
180 10159
180 10128
181 10160
181 10161
181 10143
182 10124
182 10152
182 10128
182 10133
183 10124
183 10162
183 10128
184 10124
184 10128
184 10129
185 10124
185 10152
185 10128
185 10133
185 10163
186 10156
186 10124
186 10164
186 10128
187 10124
187 10128
188 10124
188 10128
188 10139
189 10144
189 10143
190 10142
190 10128
190 10159
190 10141
190 10156
191 10124
191 10165
191 10128
191 10133
192 10124
192 10142
192 10128
193 10124
193 10133
193 10157
193 10128
194 10122
194 10115
194 10120
194 10124
195 10166
195 10167
195 10133
196 10168
196 10136
196 10121
196 10169
197 10121
197 10168
197 10124
197 10167
198 10134
198 10135
198 10136
199 10122
199 10121
199 10136
199 10124
200 10134
200 10170
200 10171
200 10172
201 10124
201 10173
201 10133
202 10168
202 10136
202 10169
203 10135
203 10134
203 10174
203 10175
204 10176
204 10124
204 10133
205 10177
205 10178
205 10143
206 10121
206 10126
206 10124
206 10137
206 10179
207 10115
207 10180
207 10181
207 10182
208 10134
208 10135
208 10136
208 10120
208 10183
209 10120
209 10184
209 10185
209 10186
209 10187
210 10166
210 10167
210 10188
210 10133
211 10189
211 10136
211 10168
212 10126
212 10167
213 10190
213 10120
214 10120
214 10184
214 10185
214 10186
214 10187
215 10191
215 10168
215 10192
216 10120
216 10184
216 10186
216 10187
216 10185
217 10193
217 10168
217 10136
217 10137
218 10136
218 10193
218 10189
219 10171
219 10134
219 10120
220 10168
220 10192
220 10136
221 10121
221 10179
222 10168
222 10194
222 10195
223 10124
223 10192
223 10151
223 10133
224 10196
224 10197
224 10183
224 10198
224 10199
225 10170
225 10168
225 10195
225 10127
226 10171
226 10130
227 10168
227 10194
227 10200
227 10172
228 10135
228 10130
229 10201
229 10136
229 10202
229 10203
230 10204
230 10172
230 10130
230 10169
231 10205
231 10137
231 10149
231 10206
232 10207
232 10208
232 10120
232 10123
233 10202
233 10136
233 10201
233 10203
234 10208
234 10121
234 10179
235 10209
235 10210
235 10211
235 10120
236 10207
236 10168
236 10212
237 10211
237 10209
237 10210
237 10120
238 10200
238 10130
238 10209
239 10200
239 10168
240 10213
240 10214
240 10215
240 10216
240 10217
241 10218
241 10219
241 10220
241 10221
241 10222
242 10223
242 10224
242 10225
242 10226
243 10225
244 10224
244 10227
244 10228
245 10229
245 10230
245 10231
245 10232
245 10233
245 10234
245 10235
246 10236
246 10237
246 10238
246 10239
246 10240
246 10241
246 10242
247 10229
247 10230
247 10243
247 10244
247 10232
247 10233
247 10245
247 10231
248 10246
248 10247
248 10227
248 10248
248 10249
248 10242
248 10250
248 10251
249 10229
249 10249
249 10243
249 10251
249 10252
249 10245
249 10253
249 10254
250 10249
250 10251
250 10255
250 10253
251 10256
251 10257
251 10238
251 10250
251 10251
251 10254
252 10218
252 10220
252 10219
252 10258
253 10259
253 10260
254 10259
254 10261
255 10262
255 10263
255 10264
256 10265
256 10259
257 10266
257 10267
257 10268
258 10268
258 10266
258 10269
259 10270
259 10271
260 10270
260 10272
261 10273
261 10270
262 10270
262 10274
263 10275
263 10270
263 10276
263 10277
264 10270
264 10278
264 10277
265 10270
265 10275
265 10277
266 10270
266 10279
266 10280
266 10281
267 10282
267 10283
267 10270
267 10281
267 10280
268 10270
268 10284
268 10280
268 10281
269 10270
269 10285
269 10277
