0 10000
1 10000
2 10000
3 10000
4 10000
5 10000
6 10000
7 10000
8 10000
9 10000
10 10000
11 10000
12 10000
13 10000
14 10000
15 10000
16 10000
17 10000
18 10000
19 10000
20 10000
21 10000
22 10001
23 10000
24 10000
25 10000
26 10000
27 10000
28 10000
29 10000
30 10000
31 10000
32 10000
33 10000
34 10000
35 10000
36 10000
37 10000
38 10000
39 10000
40 10000
41 10000
42 10000
43 10000
44 10000
45 10000
46 10000
47 10000
48 10000
49 10000
50 10000
51 10000
52 10000
53 10000
54 10000
55 10000
56 10000
57 10000
58 10002
59 10000
60 10000
61 10000
62 10000
63 10000
64 10000
65 10000
66 10000
67 10000
68 10000
69 10000
70 10000
71 10000
72 10000
73 10000
74 10000
75 10000
76 10000
77 10000
78 10000
79 10003
80 10004
81 10004
82 10005
83 10006
84 10005
85 10007
86 10005
87 10004
88 10004
89 10008
90 10004
91 10005
92 10003
93 10003
94 10003
95 10003
96 10003
97 10003
98 10008
99 10009
100 10003
101 10003
102 10003
103 10008
104 10003
105 10003
106 10010
107 10003
108 10010
109 10011
110 10003
111 10003
112 10003
113 10003
114 10011
115 10011
116 10003
117 10011
118 10011
119 10011
120 10011
121 10003
122 10011
123 10011
124 10011
125 10011
126 10011
127 10011
128 10011
129 10012
130 10011
131 10011
132 10011
133 10011
134 10011
135 10003
136 10011
137 10011
138 10013
139 10014
140 10014
141 10014
142 10014
143 10014
144 10014
145 10014
146 10014
147 10014
148 10014
149 10014
150 10014
151 10014
152 10014
153 10014
154 10014
155 10014
156 10014
157 10014
158 10014
159 10014
160 10014
161 10014
162 10014
163 10014
164 10014
165 10014
166 10014
167 10014
168 10014
169 10014
170 10014
171 10014
172 10014
173 10014
174 10014
175 10014
176 10014
177 10014
178 10014
179 10014
180 10014
181 10014
182 10014
183 10014
184 10014
185 10014
186 10014
187 10014
188 10014
189 10014
190 10014
191 10014
192 10014
193 10014
194 10014
195 10014
196 10014
197 10014
198 10014
199 10014
200 10014
201 10014
202 10014
203 10014
204 10014
205 10014
206 10014
207 10014
208 10014
209 10014
210 10014
211 10014
212 10014
213 10014
214 10014
215 10014
216 10014
217 10014
218 10014
219 10014
220 10014
221 10014
222 10014
223 10014
224 10014
225 10014
226 10014
227 10014
228 10014
229 10014
230 10014
231 10014
232 10014
233 10014
234 10014
235 10014
236 10014
237 10014
238 10014
239 10014
240 10015
241 10015
242 10015
243 10015
244 10015
245 10015
246 10015
247 10016
248 10015
249 10016
250 10015
251 10015
252 10015
253 10017
254 10018
255 10017
256 10017
257 10013
258 10013
259 10019
260 10019
261 10019
262 10019
263 10019
264 10019
265 10019
266 10019
267 10019
268 10019
269 10019
