0 10000
0 10001
0 10002
0 10003
0 10004
0 10005
0 10006
0 10007
0 10008
0 10009
0 10010
1 10011
1 10012
1 10013
1 10014
1 10015
1 10016
2 10017
2 10018
2 10012
2 10001
2 10005
2 10019
2 10020
2 10021
2 10022
2 10023
2 10024
3 10025
3 10026
3 10027
3 10028
3 10029
3 10030
3 10031
3 10032
3 10033
3 10034
4 10012
4 10001
4 10035
4 10005
4 10036
4 10037
4 10007
4 10038
4 10010
5 10039
5 10040
5 10012
5 10041
5 10031
5 10042
5 10043
5 10044
5 10045
5 10046
5 10047
5 10019
5 10020
6 10048
6 10049
6 10050
6 10051
6 10026
6 10029
6 10028
7 10052
7 10012
7 10053
7 10054
7 10055
7 10056
7 10012
7 10057
7 10058
7 10059
7 10060
7 10061
7 10062
8 10001
8 10063
8 10064
8 10065
8 10005
8 10066
8 10007
8 10010
8 10022
8 10064
8 10067
9 10039
9 10040
9 10012
9 10068
9 10042
9 10043
9 10044
9 10051
9 10069
9 10070
9 10029
9 10028
10 10001
10 10012
10 10053
10 10063
10 10054
10 10055
10 10071
10 10072
10 10073
10 10074
11 10012
11 10025
11 10051
11 10005
11 10014
11 10075
11 10076
11 10077
11 10029
11 10028
11 10078
12 10001
12 10079
12 10004
12 10005
12 10080
12 10020
12 10022
12 10081
12 10082
12 10031
12 10083
12 10018
12 10063
12 10084
13 10001
13 10012
13 10004
13 10005
13 10007
13 10085
13 10010
13 10086
13 10064
13 10087
13 10031
13 10088
13 10089
13 10090
14 10091
14 10092
14 10042
14 10043
14 10093
14 10039
14 10040
14 10012
14 10094
14 10095
14 10046
14 10096
15 10001
15 10063
15 10005
15 10036
15 10007
15 10097
15 10098
15 10010
15 10022
15 10099
16 10001
16 10004
16 10005
16 10036
16 10007
16 10010
16 10012
16 10086
16 10100
17 10052
17 10012
17 10042
17 10043
17 10093
17 10101
17 10096
17 10102
17 10103
18 10104
18 10105
18 10046
18 10106
18 10045
18 10019
18 10020
19 10001
19 10107
19 10108
19 10005
19 10109
19 10010
20 10110
20 10012
20 10005
20 10058
20 10111
20 10023
20 10112
20 10113
20 10114
21 10052
21 10012
21 10053
21 10014
21 10115
21 10116
21 10117
21 10118
21 10119
22 10064
22 10065
22 10005
22 10036
22 10120
22 10038
22 10007
22 10010
23 10040
23 10121
23 10012
23 10014
23 10122
23 10123
23 10016
23 10124
24 10001
24 10125
24 10004
24 10005
24 10126
24 10023
24 10012
24 10086
24 10127
24 10128
24 10129
25 10001
25 10091
25 10092
25 10042
25 10043
25 10130
25 10055
25 10071
25 10072
25 10073
25 10074
26 10131
26 10012
26 10042
26 10043
26 10044
26 10001
26 10055
26 10072
26 10132
26 10074
27 10133
27 10025
27 10051
27 10005
27 10014
27 10029
27 10028
27 10030
28 10011
28 10053
28 10014
28 10037
28 10134
28 10123
28 10016
29 10011
29 10012
29 10013
29 10014
29 10016
29 10005
30 10012
30 10001
30 10005
30 10007
30 10038
30 10135
30 10022
30 10136
30 10137
30 10064
31 10011
31 10138
31 10051
31 10014
31 10037
31 10016
32 10001
32 10063
32 10005
32 10139
32 10140
32 10019
32 10020
32 10022
32 10112
32 10064
32 10087
33 10011
33 10012
33 10013
33 10014
33 10141
33 10142
33 10037
33 10143
33 10118
34 10144
34 10145
34 10005
34 10014
34 10146
34 10045
34 10029
34 10030
35 10001
35 10003
35 10007
35 10009
35 10010
35 10022
35 10147
35 10099
36 10012
36 10094
36 10148
36 10042
36 10043
36 10093
36 10101
36 10096
37 10023
37 10024
37 10149
37 10150
37 10151
37 10152
37 10153
37 10154
37 10155
37 10014
38 10001
38 10012
38 10005
38 10036
38 10037
38 10156
38 10007
38 10010
38 10022
38 10099
39 10001
39 10157
39 10012
39 10149
39 10005
39 10038
39 10156
39 10010
39 10158
39 10023
39 10024
40 10001
40 10035
40 10026
40 10159
40 10160
40 10002
40 10037
40 10161
40 10162
41 10016
41 10001
41 10149
41 10022
41 10163
41 10164
41 10165
41 10166
41 10005
41 10153
41 10155
41 10014
42 10012
42 10001
42 10167
42 10149
42 10168
42 10004
42 10005
42 10038
42 10007
42 10010
42 10169
42 10023
42 10136
42 10137
43 10158
43 10023
43 10024
43 10149
43 10035
43 10001
43 10005
43 10038
43 10109
43 10007
43 10010
44 10170
44 10012
44 10004
44 10005
44 10036
44 10037
44 10171
44 10010
45 10001
45 10012
45 10004
45 10005
45 10007
45 10010
45 10158
45 10023
45 10024
45 10031
45 10083
45 10089
45 10167
46 10172
46 10173
46 10174
46 10031
46 10162
46 10058
46 10010
46 10022
46 10023
46 10175
47 10001
47 10170
47 10004
47 10005
47 10038
47 10007
47 10014
47 10100
47 10176
48 10001
48 10035
48 10012
48 10005
48 10037
48 10007
48 10010
48 10023
48 10086
49 10001
49 10012
49 10170
49 10005
49 10120
49 10010
49 10022
49 10100
49 10177
49 10160
49 10018
49 10173
49 10178
49 10162
50 10063
50 10179
50 10001
50 10180
50 10003
50 10005
50 10036
50 10007
50 10009
50 10181
50 10010
51 10001
51 10003
51 10007
51 10009
51 10010
51 10182
51 10183
51 10022
51 10005
51 10184
51 10185
51 10186
51 10187
52 10170
52 10012
52 10063
52 10054
52 10005
52 10156
52 10037
52 10010
52 10031
52 10188
52 10174
52 10189
53 10001
53 10167
53 10149
53 10023
53 10024
53 10190
53 10097
53 10191
54 10001
54 10149
54 10192
54 10193
54 10023
54 10194
54 10056
54 10064
54 10065
54 10005
55 10001
55 10149
55 10192
55 10193
55 10097
55 10023
55 10195
55 10012
55 10004
55 10005
55 10038
55 10007
55 10010
56 10001
56 10170
56 10005
56 10196
56 10010
56 10031
56 10197
56 10152
56 10162
57 10001
57 10063
57 10005
57 10120
57 10037
57 10010
57 10022
57 10198
57 10199
58 10012
58 10001
58 10149
58 10005
58 10038
58 10037
58 10007
58 10010
58 10023
58 10195
58 10100
58 10099
59 10001
59 10149
59 10192
59 10193
59 10023
59 10195
59 10031
59 10200
59 10174
59 10162
60 10001
60 10201
60 10004
60 10005
60 10036
60 10038
60 10202
60 10007
60 10010
61 10001
61 10063
61 10179
61 10125
61 10203
61 10005
61 10126
61 10022
61 10064
61 10112
62 10204
62 10012
62 10001
62 10149
62 10005
62 10038
62 10037
62 10007
62 10010
62 10205
62 10206
62 10207
62 10023
62 10195
63 10072
63 10208
63 10209
63 10030
63 10056
63 10042
63 10043
63 10044
63 10191
63 10210
64 10211
64 10212
64 10012
64 10001
64 10149
64 10005
64 10038
64 10037
64 10007
64 10010
64 10023
64 10195
65 10213
65 10001
65 10012
65 10005
65 10159
65 10214
65 10004
65 10215
65 10216
65 10038
65 10217
65 10007
65 10010
66 10170
66 10001
66 10005
66 10007
66 10010
66 10218
66 10219
66 10220
66 10159
67 10001
67 10012
67 10004
67 10005
67 10038
67 10007
67 10010
67 10221
67 10023
67 10136
67 10137
67 10190
67 10097
67 10191
68 10001
68 10222
68 10005
68 10037
68 10007
68 10010
68 10023
68 10195
69 10001
69 10012
69 10064
69 10065
69 10035
69 10005
69 10038
69 10007
69 10223
69 10010
69 10056
69 10083
69 10224
69 10225
70 10226
70 10001
70 10227
70 10228
70 10009
70 10010
70 10229
70 10023
70 10230
71 10063
71 10001
71 10204
71 10005
71 10007
71 10038
71 10037
71 10010
71 10022
71 10099
72 10001
72 10004
72 10005
72 10202
72 10007
72 10010
72 10012
72 10023
72 10024
73 10001
73 10012
73 10064
73 10065
73 10005
73 10007
73 10010
73 10031
73 10204
73 10087
74 10001
74 10063
74 10005
74 10202
74 10007
74 10010
74 10128
74 10175
74 10022
74 10064
74 10099
75 10053
75 10231
75 10051
75 10001
75 10055
75 10232
75 10132
75 10233
75 10072
75 10234
76 10000
76 10235
76 10076
76 10005
76 10007
76 10010
76 10023
76 10195
77 10018
77 10001
77 10125
77 10004
77 10005
77 10038
77 10058
77 10010
77 10022
77 10086
77 10236
78 10052
78 10012
78 10053
78 10231
78 10051
78 10014
78 10072
78 10152
79 10237
79 10238
79 10239
79 10240
79 10241
79 10242
79 10054
79 10243
79 10244
79 10075
79 10245
79 10246
79 10247
80 10248
80 10249
80 10250
80 10251
80 10252
80 10253
80 10254
80 10255
80 10256
81 10249
81 10257
81 10258
81 10142
81 10259
81 10260
81 10261
81 10262
81 10254
81 10255
81 10263
82 10264
82 10265
82 10262
82 10255
82 10263
82 10259
82 10266
82 10267
83 10268
83 10255
83 10263
83 10269
83 10270
83 10271
83 10272
83 10273
83 10274
84 10275
84 10276
84 10140
84 10277
84 10278
84 10279
84 10127
84 10280
84 10281
84 10274
85 10163
85 10282
85 10251
85 10283
85 10284
85 10255
85 10285
85 10054
85 10256
86 10286
86 10249
86 10250
86 10251
86 10253
86 10254
86 10255
86 10256
86 10287
86 10274
87 10163
87 10282
87 10251
87 10261
87 10283
87 10284
87 10255
87 10273
87 10285
87 10256
88 10288
88 10289
88 10001
88 10283
88 10284
88 10255
88 10273
88 10290
89 10291
89 10292
89 10255
89 10293
89 10294
89 10295
89 10296
90 10249
90 10257
90 10258
90 10142
90 10259
90 10297
90 10267
90 10262
90 10255
90 10298
91 10249
91 10250
91 10251
91 10262
91 10254
91 10255
91 10263
91 10259
91 10297
91 10267
92 10299
92 10005
92 10300
92 10301
92 10302
92 10274
93 10303
93 10273
93 10304
93 10255
93 10256
93 10054
93 10251
94 10305
94 10306
94 10307
94 10308
94 10309
94 10310
94 10056
94 10311
94 10312
95 10313
95 10314
95 10299
95 10265
95 10315
95 10255
95 10263
95 10281
95 10316
95 10274
96 10317
96 10255
96 10318
96 10294
96 10295
96 10296
96 10319
96 10293
97 10320
97 10321
97 10322
97 10031
97 10323
97 10324
97 10325
97 10326
97 10327
98 10328
98 10059
98 10255
98 10329
98 10261
98 10330
98 10331
98 10332
98 10281
98 10274
99 10333
99 10334
99 10255
99 10293
99 10335
99 10336
99 10054
100 10320
100 10337
100 10056
100 10338
100 10277
100 10339
100 10340
101 10341
101 10342
101 10343
101 10344
101 10047
101 10031
101 10070
101 10345
101 10346
102 10347
102 10051
102 10162
102 10348
102 10289
102 10349
102 10277
102 10350
103 10351
103 10352
103 10353
103 10354
103 10353
103 10355
103 10293
103 10356
104 10357
104 10358
104 10359
104 10109
104 10360
104 10361
105 10362
105 10264
105 10265
105 10263
105 10243
105 10301
105 10274
106 10363
106 10364
106 10365
106 10334
106 10255
106 10366
106 10367
106 10368
106 10369
107 10370
107 10259
107 10255
107 10256
107 10371
107 10301
107 10274
108 10372
108 10270
108 10373
108 10374
108 10367
108 10301
108 10375
109 10376
109 10377
109 10301
109 10331
109 10374
109 10367
109 10378
109 10359
110 10001
110 10255
110 10256
110 10270
110 10379
110 10380
110 10014
110 10381
110 10382
111 10383
111 10240
111 10384
111 10385
111 10386
111 10387
111 10274
112 10370
112 10255
112 10256
112 10371
112 10301
112 10274
112 10388
112 10389
112 10390
113 10391
113 10392
113 10031
113 10393
113 10394
113 10395
113 10295
113 10243
113 10396
114 10397
114 10398
114 10399
114 10400
114 10273
114 10274
115 10348
115 10289
115 10401
115 10349
115 10277
115 10350
115 10056
115 10257
115 10258
115 10142
116 10249
116 10402
116 10403
116 10404
116 10405
116 10406
116 10407
116 10408
117 10273
117 10409
117 10410
117 10411
117 10412
117 10240
117 10413
117 10414
118 10348
118 10289
118 10401
118 10349
118 10277
118 10350
118 10076
118 10415
118 10240
119 10416
119 10299
119 10265
119 10045
119 10313
119 10417
119 10210
119 10418
119 10274
120 10419
120 10420
120 10238
120 10421
120 10308
120 10422
121 10277
121 10334
121 10423
121 10014
121 10379
121 10380
122 10424
122 10313
122 10250
122 10425
122 10251
122 10215
122 10226
122 10426
122 10427
122 10255
122 10273
122 10290
123 10428
123 10425
123 10429
123 10430
123 10277
123 10290
123 10431
123 10273
123 10409
123 10032
123 10432
123 10433
124 10434
124 10001
124 10435
124 10436
124 10437
124 10438
124 10323
124 10439
125 10440
125 10263
125 10441
125 10442
125 10255
125 10251
126 10443
126 10444
126 10292
126 10255
126 10293
126 10445
126 10054
127 10446
127 10087
127 10159
127 10447
127 10326
127 10324
128 10448
128 10263
128 10449
128 10450
128 10451
128 10255
128 10452
128 10010
129 10453
129 10454
129 10455
129 10456
129 10301
129 10457
130 10053
130 10458
130 10459
130 10460
130 10461
130 10320
130 10462
130 10326
130 10324
131 10448
131 10264
131 10265
131 10442
131 10349
131 10331
131 10374
132 10448
132 10263
132 10449
132 10450
132 10451
132 10255
133 10448
133 10440
133 10263
133 10450
133 10426
133 10427
133 10255
134 10133
134 10254
134 10255
134 10290
134 10463
134 10464
134 10263
135 10465
135 10466
135 10253
135 10426
135 10427
135 10255
135 10256
136 10467
136 10468
136 10323
136 10425
136 10277
136 10469
136 10454
136 10365
136 10393
137 10470
137 10349
137 10454
137 10273
137 10010
137 10471
137 10063
137 10054
137 10162
138 10472
138 10473
138 10345
138 10471
138 10474
138 10475
138 10320
138 10462
138 10326
138 10324
138 10014
139 10476
139 10477
139 10478
139 10479
139 10480
140 10481
140 10380
140 10160
140 10482
140 10483
140 10484
140 10261
141 10070
141 10476
141 10380
141 10056
141 10485
141 10486
141 10453
141 10118
142 10001
142 10487
142 10488
142 10489
142 10045
142 10490
142 10255
142 10251
143 10255
143 10491
143 10492
143 10488
143 10489
143 10045
143 10490
144 10493
144 10494
144 10483
144 10106
144 10031
144 10041
144 10094
144 10152
144 10495
144 10496
144 10497
145 10498
145 10499
145 10500
145 10251
145 10059
145 10251
145 10118
145 10486
145 10255
146 10476
146 10380
146 10501
146 10502
147 10018
147 10503
147 10504
147 10505
147 10056
147 10506
147 10041
147 10152
147 10507
147 10508
147 10509
147 10266
147 10510
147 10511
147 10512
148 10001
148 10487
148 10513
148 10514
148 10515
148 10045
148 10490
149 10516
149 10517
149 10489
149 10500
149 10518
149 10251
149 10519
149 10255
150 10520
150 10521
150 10522
150 10251
150 10490
150 10031
150 10523
150 10524
150 10113
150 10525
151 10526
151 10527
151 10265
151 10031
151 10528
151 10529
151 10045
151 10329
151 10499
151 10152
152 10088
152 10490
152 10278
152 10005
152 10045
152 10530
152 10125
152 10531
153 10001
153 10487
153 10490
153 10488
153 10489
153 10045
153 10031
153 10118
153 10532
153 10533
154 10487
154 10488
154 10489
154 10045
154 10031
154 10534
154 10535
154 10113
154 10525
155 10088
155 10536
155 10258
155 10045
155 10537
156 10493
156 10101
156 10106
156 10031
156 10393
156 10510
156 10538
156 10539
156 10494
156 10483
156 10346
157 10540
157 10106
157 10541
157 10542
157 10502
157 10498
157 10500
157 10525
158 10070
158 10504
158 10106
158 10045
158 10031
158 10510
158 10538
158 10539
159 10255
159 10543
159 10031
159 10544
159 10545
159 10546
160 10547
160 10460
160 10548
160 10494
160 10483
160 10380
161 10481
161 10380
161 10031
161 10549
161 10550
161 10551
161 10552
162 10088
162 10547
162 10553
162 10031
162 10101
162 10106
162 10162
162 10540
162 10483
162 10346
163 10554
163 10476
163 10380
163 10056
163 10041
163 10094
163 10152
164 10555
164 10031
164 10556
164 10056
164 10557
164 10345
164 10558
164 10486
164 10559
164 10560
164 10561
165 10562
165 10476
165 10380
166 10563
166 10001
166 10515
166 10564
166 10045
166 10113
166 10152
166 10254
166 10255
166 10251
167 10476
167 10539
167 10088
167 10476
167 10380
167 10367
168 10565
168 10255
168 10483
168 10106
168 10056
168 10566
168 10547
168 10553
168 10567
168 10568
169 10569
169 10570
169 10517
169 10258
169 10571
169 10056
169 10572
169 10573
170 10574
170 10575
170 10576
171 10562
171 10523
171 10476
171 10380
172 10577
172 10578
172 10579
172 10258
172 10168
172 10580
172 10581
173 10113
173 10531
173 10031
173 10526
173 10527
173 10265
173 10310
173 10490
174 10582
174 10550
174 10476
174 10583
174 10494
174 10483
174 10106
175 10001
175 10569
175 10584
175 10517
175 10258
175 10056
175 10585
175 10573
175 10442
175 10255
175 10251
176 10487
176 10586
176 10579
176 10258
176 10045
176 10580
176 10581
176 10056
176 10587
176 10588
176 10380
177 10544
177 10589
177 10546
177 10101
177 10543
178 10253
178 10483
178 10106
178 10056
178 10590
178 10591
178 10496
178 10497
179 10487
179 10517
179 10258
179 10442
179 10255
179 10251
179 10592
179 10453
179 10585
179 10573
180 10383
180 10523
180 10106
180 10255
180 10542
180 10490
180 10508
180 10593
181 10070
181 10594
181 10125
181 10481
181 10380
182 10595
182 10113
182 10152
182 10596
182 10152
182 10498
182 10499
182 10254
182 10255
182 10251
183 10070
183 10570
183 10517
183 10380
183 10597
183 10598
183 10599
183 10442
183 10255
183 10251
184 10088
184 10045
184 10487
184 10517
184 10258
184 10530
184 10255
184 10559
184 10490
185 10487
185 10517
185 10258
185 10254
185 10255
185 10251
186 10113
186 10531
186 10090
186 10031
186 10278
186 10005
186 10045
186 10537
187 10070
187 10536
187 10258
187 10045
187 10031
187 10113
187 10600
187 10537
188 10487
188 10516
188 10517
188 10258
188 10056
188 10453
188 10601
188 10113
188 10525
189 10602
189 10603
189 10604
189 10004
189 10041
189 10556
189 10605
189 10606
189 10607
190 10494
190 10483
190 10346
190 10031
190 10547
190 10476
190 10608
191 10520
191 10596
191 10152
191 10609
191 10579
191 10113
191 10152
191 10031
191 10113
191 10600
191 10254
191 10251
192 10088
192 10255
192 10483
192 10004
192 10162
192 10031
192 10041
192 10094
192 10152
192 10257
192 10507
192 10525
193 10610
193 10517
193 10258
193 10571
194 10523
194 10476
194 10380
194 10031
194 10611
194 10612
195 10088
195 10476
195 10090
195 10613
195 10502
196 10241
196 10476
196 10380
196 10160
196 10163
196 10041
196 10614
196 10001
196 10550
197 10476
197 10380
197 10160
197 10615
197 10101
197 10561
198 10616
198 10476
198 10380
198 10056
198 10617
198 10476
198 10550
199 10476
199 10380
199 10618
199 10619
199 10056
199 10611
199 10496
199 10523
199 10620
200 10501
200 10481
200 10380
200 10160
200 10621
200 10622
201 10083
201 10278
201 10005
201 10045
201 10031
201 10547
201 10623
201 10580
202 10001
202 10476
202 10550
202 10031
202 10599
202 10624
203 10241
203 10501
203 10476
203 10380
203 10056
203 10625
203 10547
203 10047
203 10476
203 10550
204 10056
204 10626
204 10627
204 10393
204 10628
204 10629
204 10613
204 10101
204 10599
204 10624
205 10630
205 10063
205 10054
205 10090
205 10631
205 10632
205 10633
205 10634
205 10635
206 10494
206 10483
206 10106
206 10160
206 10577
206 10636
206 10476
206 10583
207 10637
207 10149
207 10367
207 10575
207 10576
208 10616
208 10494
208 10483
208 10380
208 10106
208 10160
208 10509
208 10617
208 10476
208 10550
208 10638
208 10051
209 10125
209 10531
209 10639
209 10640
209 10641
209 10642
209 10643
209 10644
209 10645
209 10646
210 10613
210 10125
210 10476
210 10647
210 10031
210 10648
210 10649
210 10648
210 10650
211 10651
211 10652
211 10051
211 10653
211 10474
211 10063
211 10274
211 10654
211 10476
211 10647
212 10493
212 10101
212 10655
212 10160
212 10656
212 10657
212 10502
213 10658
213 10659
213 10660
213 10101
214 10643
214 10661
214 10662
215 10523
215 10494
215 10483
215 10380
215 10663
215 10583
216 10664
216 10639
216 10640
216 10665
216 10666
216 10667
217 10476
217 10636
217 10334
217 10615
217 10502
218 10651
218 10476
218 10550
218 10483
218 10106
219 10501
219 10481
219 10380
219 10160
219 10163
219 10041
219 10614
219 10550
220 10255
220 10476
220 10380
220 10160
220 10621
220 10647
220 10523
220 10620
221 10616
221 10483
221 10668
221 10106
222 10241
222 10255
222 10476
222 10380
222 10160
222 10669
222 10152
222 10523
222 10552
223 10070
223 10522
223 10517
223 10489
223 10670
223 10251
223 10592
223 10671
224 10483
224 10612
224 10672
224 10160
224 10121
224 10673
224 10674
225 10255
225 10655
225 10031
225 10675
225 10496
226 10163
226 10041
226 10614
226 10031
226 10676
226 10501
226 10101
226 10655
227 10255
227 10476
227 10380
227 10056
227 10471
227 10474
227 10063
227 10274
228 10494
228 10483
228 10106
228 10031
228 10616
228 10101
228 10677
229 10636
229 10678
229 10679
229 10680
229 10681
229 10682
229 10679
229 10683
229 10684
229 10380
229 10471
229 10063
229 10274
230 10616
230 10476
230 10380
230 10056
230 10474
230 10063
230 10274
231 10685
231 10051
231 10031
231 10686
231 10687
231 10101
231 10561
232 10688
232 10689
232 10486
232 10652
232 10101
232 10021
233 10690
233 10683
233 10691
233 10160
233 10692
233 10693
233 10054
233 10504
233 10694
234 10695
234 10696
234 10697
234 10047
234 10698
234 10699
234 10700
234 10597
234 10701
235 10476
235 10647
235 10160
235 10702
235 10703
235 10471
235 10704
235 10705
235 10706
235 10308
235 10707
236 10708
236 10101
236 10709
236 10652
237 10665
237 10476
237 10710
237 10711
237 10712
238 10713
238 10714
238 10411
238 10031
238 10106
238 10160
238 10471
238 10063
238 10054
239 10577
239 10715
239 10552
239 10255
239 10483
239 10106
240 10163
240 10542
240 10004
240 10340
240 10031
240 10716
240 10717
240 10718
240 10255
241 10719
241 10153
241 10051
241 10720
241 10721
241 10539
241 10722
241 10047
242 10723
242 10724
242 10505
242 10725
242 10051
243 10726
243 10383
243 10727
243 10505
243 10014
243 10349
243 10728
244 10729
244 10694
244 10725
244 10051
245 10730
245 10731
245 10550
245 10732
245 10340
245 10014
245 10733
245 10734
246 10735
246 10380
246 10736
246 10737
246 10502
246 10001
246 10018
246 10510
246 10511
247 10044
247 10051
247 10471
247 10051
247 10738
247 10739
248 10083
248 10740
248 10741
248 10742
248 10047
248 10168
248 10743
248 10031
248 10744
248 10507
248 10745
249 10540
249 10729
249 10694
249 10031
249 10746
249 10725
249 10051
249 10101
249 10747
249 10295
249 10748
249 10749
249 10734
250 10750
250 10560
250 10751
250 10582
250 10752
250 10380
250 10031
250 10753
250 10754
250 10295
250 10748
250 10749
250 10734
251 10380
251 10755
251 10756
251 10757
251 10758
251 10056
251 10759
251 10393
251 10031
251 10760
251 10063
251 10274
252 10011
252 10162
252 10761
252 10762
252 10720
252 10721
252 10539
253 10763
253 10764
253 10765
253 10766
253 10160
253 10767
253 10768
253 10769
253 10770
253 10247
254 10771
254 10152
254 10091
254 10772
254 10773
254 10215
254 10640
254 10774
254 10193
254 10775
255 10090
255 10283
255 10345
255 10776
255 10777
255 10778
255 10277
255 10779
255 10780
255 10507
256 10781
256 10782
256 10783
256 10784
256 10785
256 10786
256 10787
256 10788
256 10681
257 10789
257 10168
257 10790
257 10791
258 10068
258 10792
258 10247
258 10793
258 10794
258 10169
258 10795
258 10796
258 10797
259 10001
259 10277
259 10798
259 10045
259 10031
259 10587
259 10508
259 10799
259 10367
260 10083
260 10487
260 10045
260 10031
260 10800
260 10580
260 10522
260 10647
261 10801
261 10716
261 10519
261 10802
261 10303
261 10055
261 10803
261 10335
261 10101
261 10096
262 10487
262 10001
262 10517
262 10258
262 10578
262 10538
262 10569
262 10584
262 10045
262 10804
262 10580
263 10805
263 10589
263 10806
263 10807
263 10545
263 10803
263 10335
263 10251
264 10088
264 10001
264 10487
264 10538
264 10045
264 10031
264 10578
264 10499
264 10393
264 10580
265 10070
265 10251
265 10045
265 10808
265 10255
265 10031
265 10801
265 10001
265 10809
265 10149
265 10569
265 10578
265 10538
265 10584
266 10487
266 10033
266 10001
266 10810
266 10045
266 10811
266 10255
267 10487
267 10522
267 10517
267 10489
267 10045
267 10031
267 10578
267 10579
267 10426
267 10427
267 10811
267 10255
268 10487
268 10522
268 10045
268 10031
268 10559
268 10535
268 10450
268 10619
269 10801
269 10522
269 10589
269 10812
269 10045
269 10031
269 10813
269 10106
