0 1919998456
1 1968464152
2 1970068620
3 1975003962
4 1984651876
5 2012060729
6 2026880725
7 2053731129
8 2074796812
9 2080817687
10 2088094315
11 2094855135
12 2102057409
13 2104708700
14 2107396783
15 2117070017
16 2117516628
17 2120638718
18 2121376186
19 2131635860
20 2132300288
21 2133594302
22 2140985802
23 2142679115
24 2142923542
25 2146890818
26 2147326597
27 2155947439
28 2157190392
29 2160218323
30 2160420729
31 2164136313
32 2165756371
33 2168097327
34 2168515859
35 1580495051
36 2105234323
37 2109616287
38 2120598664
39 2122427618
40 2132885717
41 2151715011
42 2153741979
43 2158446838
44 2159265133
45 97259400
46 1493190793
47 1965555825
48 2019267533
49 2024471223
50 2036468343
51 2037478370
52 2047068000
53 2051298259
54 2051643363
55 2060866745
56 2069774386
57 2088243341
58 2098028427
59 2108427149
60 2113984044
61 2116173495
62 2119529803
63 2128677288
64 2130351717
65 2135219152
66 2141385700
67 2143121414
68 2147168033
69 2158036483
70 2167191443
71 2169377118
72 1975463331
73 1984986877
74 1989329927
75 1994513760
76 1996263984
77 2007864935
78 2020630597
79 2036619160
80 2057892472
81 2089245023
82 2100651113
83 2102162941
84 2111263653
85 2117340439
86 2118495694
87 2119171960
88 2119821739
89 2120070743
90 2121078958
91 2122059228
92 2127763473
93 2128024843
94 2149244757
95 2152475319
96 2156321584
97 2172124949
98 1569189826
99 1966118876
100 1978848993
101 1982849371
102 1983294924
103 1997516033
104 1997710713
105 2005001458
106 2005063077
107 2006958879
108 2014729448
109 2024677911
110 2026323283
111 2044726830
112 2045649918
113 2053902898
114 2081708371
115 2086186132
116 2098878508
117 2119652079
118 2122747351
119 2129148545
120 2138459461
121 2139672536
122 2146748581
123 2152509212
124 2153392494
125 2155024125
126 2155639466
127 2156216606
128 2156321339
129 2157076370
130 2160917764
131 2166778519
132 1576135713
133 1975100084
134 1977295306
135 1995548870
136 2020533654
137 2036663493
138 2040999325
139 2042031583
140 2052883967
141 2064421746
142 2068882433
143 2069674515
144 2097007083
145 2100855294
146 2103748492
147 2105985709
148 2107979498
149 2117606586
150 2117815663
151 2121115638
152 2121169814
153 2122672385
154 2126698740
155 2127807804
156 2128951574
157 2130299947
158 2136637876
159 2137733632
160 2138282218
161 2139756630
162 2140095548
163 2141178894
164 2146312917
165 2146611644
166 2150291692
167 2150879558
168 2154264220
169 2155490028
170 2163559886
171 2164533006
172 2165112272
173 2010635244
174 2027139066
175 2051620263
176 2054091988
177 2056679719
178 2063086479
179 2067107847
180 2071559652
181 2080475666
182 2097568396
183 2097693392
184 2100751797
185 2102568724
186 2113116432
187 2115167527
188 2123487311
189 2131072478
190 2131232094
191 2136640905
192 2136818300
193 2144903371
194 2162341771
195 2162689750
196 2163584947
197 2166417161
198 2544610831
199 1987234899
200 2009129472
201 2032756295
202 2033012921
203 2047448918
204 2051430533
205 2087665419
206 2088416518
207 2093900566
208 2095971486
209 2096871036
210 2104447397
211 2109227733
212 2115304016
213 2118742452
214 2120204384
215 2127406349
216 2128161194
217 2148577855
218 2152007254
219 2159169187
220 2168964662
221 2171781101
222 1969540296
223 1971756594
224 1980705651
225 1981303508
226 1982214011
227 1988793030
228 1993863964
229 1994507996
230 2024365568
231 2025025159
232 2043091003
233 2049778360
234 2054881597
235 2056397347
236 2062373349
237 2071447329
238 2081463000
239 2085227532
240 2088216283
241 2091919425
242 2092956574
243 2098732944
244 2103256896
245 2103536144
246 2110638818
247 2114265613
248 2114847465
249 2115856428
250 2116932815
251 2117741042
252 2121570671
253 2122836694
254 2126341830
255 2128901503
256 2130462650
257 2130762434
258 2132179668
259 2133337272
260 2142148039
261 2142572589
262 2153173318
263 2154088208
264 2161450707
265 2162061008
266 2162442740
267 2167815927
268 2179457994
269 2888987516
270 1973372325
271 1975697382
272 1977334522
273 1978996791
274 1984689183
275 1988183163
276 1995551113
277 1995866955
278 1998773749
279 2006824146
280 2012718379
281 2020122551
282 2033569712
283 2043799879
284 2052493532
285 2061873893
286 2063176040
287 2068684977
288 2093926387
289 2099854653
290 2108033144
291 2112338494
292 2116046819
293 2121463530
294 2128523958
295 2130501771
296 2133797531
297 2134005254
298 2136543396
299 2146184299
300 2154840507
301 2162706466
302 2006692944
303 2027772886
304 2070927739
305 2098408745
306 2098422038
307 2103124626
308 2112493694
309 2115014487
310 2116171479
311 2119016248
312 2147199167
313 2153950977
314 2166169295
315 1967365365
316 1989809604
317 1994807229
318 2056700717
319 2069926634
320 2074878867
321 2078004641
322 2100656166
323 2106300679
324 2110466158
325 2110781373
326 2137226992
327 2153828012
328 2162164768
329 1969589107
330 1980215765
331 1996454263
332 1997641854
333 2033919583
334 2039683272
335 2043151145
336 2044377024
337 2049933349
338 2056365674
339 2065320413
340 2077541108
341 2089904313
342 2094437443
343 2099244771
344 2112166125
345 2120815087
346 2128944914
347 2130813949
348 2132442055
349 2133271361
350 2133272479
351 2139799964
352 2141097890
353 2144356827
354 2152804311
355 2155955827
356 1963767440
357 1979145651
358 1982939178
359 1998099067
360 2007155433
361 2015913873
362 2017729486
363 2025207313
364 2048694956
365 2055480668
366 2055722386
367 2074037090
368 2095168739
369 2096219490
370 2102934031
371 2113021957
372 2120609681
373 2124766031
374 2131073094
375 2142430251
376 2144784132
377 2155096372
378 2158137022
379 2160636327
380 2171574462
381 1530572411
382 1964357740
383 2032374738
384 2106207765
385 2107589634
386 2136396015
387 2143750468
388 2147813562
389 1975270290
390 1990157314
391 1999294724
392 2064551186
393 2071439391
394 2074658944
395 2108953054
396 2115308069
397 2117925921
398 2136897111
399 2157161618
400 1999640373
401 2006025321
402 2014255025
403 2101036899
404 2106297160
405 2122995702
406 2142129363
407 2146342888
408 2148459180
409 2167038379
410 1884972292
411 1971891155
412 2036505373
413 2038208377
414 2096876657
415 2096894759
416 2098838282
417 2100475643
418 2118209906
419 2124664712
420 2131673861
421 2136261479
422 2138948290
423 2143593953
424 2144336224
425 2147483361
426 2153531355
427 2154014663
428 2156145910
429 2163608767
430 2170242996
431 2170860445
432 2303923175
433 1980124385
434 2006015451
435 2023312079
436 2036576620
437 2089391573
438 2097164998
439 2099642321
440 2100121943
441 2102525621
442 2103147398
443 2105259808
444 2111310758
445 2115720090
446 2116216039
447 2121189958
448 2122289851
449 2123697922
450 2125378844
451 2127070222
452 2136378950
453 2139999468
454 2140322492
455 2149366778
456 2171855237
457 1977044477
458 1988953748
459 1996375834
460 2007473867
461 2014808551
462 2023140037
463 2039664313
464 2065184878
465 2099963748
466 2106393665
467 2119418292
468 2124920704
469 2131773796
470 2137386400
471 2140055584
472 2158700277
473 2167870975
474 1964837411
475 1984806179
476 1988286254
477 2007697610
478 2012872133
479 2016667576
480 2022795107
481 2024485096
482 2026504473
483 2034903360
484 2036946141
485 2092652085
486 2097670366
487 2098519481
488 2104686500
489 2109095767
490 2109151516
491 2110237472
492 2111528514
493 2115123877
494 2116336719
495 2120330578
496 2124824913
497 2131339080
498 2140149934
499 2142604655
500 2155029638
501 2155675828
502 2161532993
503 2165867693
504 1978134155
505 1981144549
506 2002695893
507 2047094035
508 2072273345
509 2077667532
510 2092728879
511 2101161011
512 2102825646
513 2103299443
514 2103936935
515 2106336670
516 2109816400
517 2113862745
518 2122471363
519 2131721308
520 2133905940
521 2134288234
522 2137226063
523 2143356685
524 2145316193
525 2147907358
526 2150175405
527 2154186319
528 2155183862
529 2157164240
530 2158738244
531 2160541034
532 2161771180
533 2164262665
534 2072627105
535 2107017836
536 2110760339
537 2124530361
538 2127245615
539 2151689203
540 1536221875
541 1978780849
542 1988071111
543 1989714417
544 2002314914
545 2017104425
546 2025542264
547 2031554912
548 2043792182
549 2051412169
550 2055727581
551 2059482361
552 2063299056
553 2086703937
554 2112684403
555 2116044789
556 2119465316
557 2120066232
558 2125631815
559 2133954889
560 2139614036
561 2147708960
562 2147968325
563 2149938473
564 2150263198
565 2154940917
566 2158091284
567 2171539475
568 2404788643
569 1972812456
570 1994031680
571 2004339198
572 2016213375
573 2040965224
574 2042162637
575 2060302943
576 2064297441
577 2066384591
578 2068476130
579 2107594409
580 2113655994
581 2114742112
582 2118354411
583 2130995426
584 2139121338
585 2140296322
586 2145097496
587 2145940381
588 2153818557
589 2162026804
590 2164995884
591 2171618348
592 2171765266
593 2171877226
594 1968098929
595 2041387425
596 2069231281
597 2083982238
598 2133042373
599 2170487914
600 1968787329
601 2020296145
602 2022875485
603 2026131661
604 2046384674
605 2056736651
606 2058388441
607 2071890760
608 2085900457
609 2088889910
610 2093040750
611 2113840931
612 2127842029
613 2128273577
614 2131164344
615 2133273034
616 2133772980
617 2158702718
618 2000712562
619 2021252285
620 2035037846
621 2114115207
622 2137690089
623 2155357451
624 2161870633
625 2166300660
626 1486166351
627 1503262503
628 1804414343
629 1994717387
630 2109449239
631 2125858817
632 2156390226
633 1981151982
634 2096801650
635 2103700523
636 2116490015
637 2146015948
638 2159703096
639 1996747841
640 2019207321
641 2085618574
642 2104134463
643 2108939417
644 2115932303
645 2118415523
646 2124065547
647 2129463451
648 2131256974
649 2135275801
650 2144451432
651 2144534900
652 2149816138
653 2150684073
654 2309900200
655 1965958004
656 1968862911
657 1979041275
658 1980491877
659 1992171281
660 2016792109
661 2023883583
662 2024529901
663 2052345845
664 2062387772
665 2063732873
666 2071179495
667 2078564289
668 2093768254
669 2106343161
670 2120693140
671 2122163147
672 2125534568
673 2130642930
674 2130912818
675 2133996092
676 2137056549
677 2138671676
678 2143613605
679 2146527936
680 2152270724
681 2156485650
682 2157409090
683 2161867210
684 2172036414
685 2004477558
686 2063305716
687 2107726111
688 2108587916
689 2114323019
690 2115526857
691 2132208889
692 2134248818
693 2136373807
694 2145962639
695 2159026946
696 2167360858
697 2170610734
698 1905736656
699 2036607116
700 2037729465
701 2099556416
702 2105307500
703 2137664805
704 2142568566
705 2142992961
706 2145788561
707 2146943783
708 2152781617
709 1717588182
710 1964453066
711 1976907074
712 1991649158
713 1993349769
714 1994829382
715 2041861069
716 2061250801
717 2098641560
718 2099175737
719 2125668987
720 2143843955
721 2160643434
722 2165744313
723 1969539460
724 1979396729
725 1980569702
726 1982348168
727 1984850150
728 1990793701
729 1998085025
730 2003630415
731 2018901336
732 2021966702
733 2030244899
734 2040675601
735 2044873069
736 2049549273
737 2049995592
738 2066072428
739 2074551195
740 2088392165
741 2090603553
742 2091208617
743 2105725268
744 2106236616
745 2107884096
746 2108335642
747 2108855378
748 2112895684
749 2121561691
750 2131156776
751 2132685025
752 2133798182
753 2144883362
754 2152652402
755 2153237085
756 2153834080
757 2156909104
758 2159736423
759 1974513221
760 1977752118
761 1984407674
762 1988182293
763 1990007065
764 2014520440
765 2022615763
766 2044313516
767 2045235906
768 2047824551
769 2053411639
770 2075244515
771 2089651069
772 2095646014
773 2097786609
774 2100936779
775 2103358316
776 2110512311
777 2116347266
778 2120329568
779 2121803252
780 2130747331
781 2131137113
782 2148475246
783 2151017405
784 2151199721
785 2164278974
786 2170585535
787 2172291674
788 2193245008
789 1987791581
790 1996316568
791 2006488216
792 2011020907
793 2048145332
794 2052188750
795 2103920070
796 2108591813
797 2125935261
798 2129662737
799 2158906657
800 1969316771
801 1983330313
802 1996099152
803 2020047580
804 2025123020
805 2029494602
806 2033653314
807 2035945038
808 2039596665
809 2081242007
810 2082377664
811 2086143493
812 2087260217
813 2089684487
814 2133869087
815 2137123803
816 2141943257
817 2153915602
818 2171562366
819 2402002215
820 1964528272
821 1970232810
822 1999516751
823 2028074041
824 2035780363
825 2042381500
826 2042961277
827 2052663203
828 2053860764
829 2076750179
830 2080067489
831 2087084782
832 2093771543
833 2122161467
834 2142185403
835 2159130301
836 2166965702
837 1967153504
838 1972463865
839 1976424345
840 1989835458
841 1990026397
842 1998650983
843 2011572815
844 2017264114
845 2028752747
846 2063071692
847 2081103703
848 2098034501
849 2119626677
850 2137144825
851 2138606584
852 2142275244
853 2147446127
854 2156618894
855 2577824369
856 1865851650
857 1965345898
858 2038068255
859 2058559427
860 2076371827
861 2106557935
862 2108973356
863 2155358414
864 2287839913
865 1996789570
866 2000512919
867 2002723775
868 2012655144
869 2018128088
870 2021572715
871 2023692277
872 2026717471
873 2033322198
874 2051203494
875 2053613611
876 2066094531
877 2085726513
878 2091863325
879 2105369176
880 2112913053
881 2121607663
882 2140802125
883 2145774285
884 2152438488
885 2476104599
886 1832913575
887 1965412770
888 1966556797
889 1972435684
890 1975874834
891 1980614448
892 1984831821
893 1991272878
894 2008612678
895 2039617089
896 2041326027
897 2067076468
898 2083102607
899 2094709657
900 2102592494
901 2125859497
902 2160790547
903 2161470655
904 2166206724
905 2326443105
906 2330892803
907 2343288771
908 2410943624
909 2491054843
910 2963609304
911 1968094122
912 1970229919
913 1972245746
914 1988901237
915 1989403823
916 2013274253
917 2015128267
918 2022354610
919 2023090978
920 2034052970
921 2034949736
922 2038883765
923 2038984505
924 2044922360
925 2052305027
926 2056770250
927 2074833352
928 2078859333
929 2104151915
930 2148386888
931 2163267653
932 2164017785
933 2170365207
934 1537467864
935 1976018656
936 1978847468
937 1984371888
938 1996941060
939 2027223022
940 2064634376
941 2069861813
942 2075093034
943 2098195299
944 2106543879
945 2111697351
946 2132773469
947 2150284897
948 2164726888
949 2164970287
950 1989754673
951 2026324833
952 2029984506
953 2032962946
954 2047337966
955 2061834282
956 2082289097
957 2095075055
958 2116279069
959 2117582282
960 2131759005
961 2161874107
962 2163910870
963 2206626388
964 2379289466
965 1160295086
966 1984287998
967 2012014293
968 2035501838
969 2040823282
970 2046270369
971 2067320215
972 2086762105
973 2107947685
974 2155306463
975 2167398973
976 2170852362
977 2208044302
978 2297390142
979 2323577791
980 2340723439
981 2342500974
982 2343977510
983 2462438590
984 2521545034
985 2522467183
986 1893333638
987 1976806256
988 1983041356
989 1988666059
990 2006827383
991 2034852755
992 2039405994
993 2058063871
994 2070127248
995 2089170443
996 2094287485
997 2127495420
998 2158821123
999 2225870680
1000 2342289700
1001 2342952057
1002 2404015798
1003 2415746349
1004 1223467140
1005 1613039631
1006 1966368841
1007 1968222391
1008 1970127232
1009 2016910787
1010 2038896449
1011 2039347466
1012 2056567727
1013 2083858476
1014 2095712111
1015 2105850748
1016 2106129306
1017 2123223828
1018 2308148917
1019 1966489199
1020 1981977363
1021 1999416503
1022 2000806524
1023 2058849170
1024 2079367402
1025 2095455835
1026 2110104109
1027 2110300882
1028 2134713587
1029 2167040191
1030 2310756702
1031 2346012021
1032 1201888254
1033 1997505876
1034 2003373159
1035 2003383863
1036 2004030165
1037 2010108030
1038 2017100419
1039 2063780243
1040 2067809384
1041 2071583232
1042 2084489972
1043 2088584174
1044 2112975575
1045 2120141422
1046 2168010468
1047 2194545515
1048 2265590503
1049 2294109652
1050 2382094487
1051 2516735196
1052 2529405793
1053 2498440523
1054 1772569843
1055 1808987947
1056 1965792176
1057 1998869641
1058 2077216929
1059 2082283542
1060 2142709633
1061 2144572114
1062 2342275121
1063 2498731867
1064 2503647002
1065 2765847625
1066 1770890430
1067 1996340840
1068 2085825293
1069 2158546931
1070 1564089118
1071 1989759221
1072 2016517762
1073 2092932703
1074 2107525939
1075 2109053541
1076 2128931525
1077 2136101957
1078 2172981195
1079 2332844373
1080 1667165204
1081 1966221652
1082 1979217017
1083 1979654777
1084 1998380707
1085 2046976829
1086 2210142110
1087 2342866759
1088 2554143848
1089 2555620376
1090 2571251296
1091 2636582669
1092 2650555469
1093 1972187825
1094 2066374800
1095 2112167844
1096 2344562701
1097 2514514867
1098 2523356919
1099 2558651951
1100 2014030910
1101 2035876102
1102 2099619272
1103 2102531244
1104 2112651507
1105 757063362
1106 1038324660
1107 1054396882
1108 1964394579
1109 1981597299
1110 1999365297
1111 2008349556
1112 2043270542
1113 2050012197
1114 2079705818
1115 2160503069
1116 2171052973
1117 2196799137
1118 2199324122
1119 2237536034
1120 2237795902
1121 1953836885
1122 1980920205
1123 1984598383
1124 1986024064
1125 1991125865
1126 1992410217
1127 2018869705
1128 2021660994
1129 2030226764
1130 2044089809
1131 2050918738
1132 2055563346
1133 2065157701
1134 2065905935
1135 2071412131
1136 2079378993
1137 2091914309
1138 2141914795
1139 2324298973
1140 2399605503
1141 2527004316
1142 2565402117
1143 1982695012
1144 2063432434
1145 2139213541
1146 2142762270
1147 2217539471
1148 2260294456
1149 2291041537
1150 2318579410
1151 2344960289
1152 2406175135
1153 2479280896
1154 2488452264
1155 2613419728
1156 2734801114
1157 2753275249
1158 2758785840
1159 2761264003
1160 2765880734
1161 2096158247
1162 2100664256
1163 2102015278
1164 2134178143
1165 2249401250
1166 2534129474
1167 2613224674
1168 2613446563
1169 2755123442
1170 2766796613
1171 1968660011
1172 1999159071
1173 2017936975
1174 2022153783
1175 2030629074
1176 2071011067
1177 2074415286
1178 2095509930
1179 2119493620
1180 2138941894
1181 2149159583
1182 2002103895
1183 2024531534
1184 2076809428
1185 2140476622
1186 2587784168
1187 2001218902
1188 2034887100
1189 2035960464
1190 2040881801
1191 2069612046
1192 2153729769
1193 2156783147
1194 2560370148
1195 2566028223
1196 2732426795
1197 2765910425
1198 2788444134
1199 1890513465
1200 1941345906
1201 1972209047
1202 1974298683
1203 1975121256
1204 1977546319
1205 1983328932
1206 2073046069
1207 2073055810
1208 2076597241
1209 2114232743
1210 2143681432
1211 2148885430
1212 2157234468
1213 2474355832
1214 2528460815
1215 2548356148
1216 2558979912
1217 2559610648
1218 2560448787
1219 2569230389
1220 2579282996
1221 2601030518
1222 2605709844
1223 2763523689
1224 2765396183
1225 1979517588
1226 1988837728
1227 2000149165
1228 2017055129
1229 2019035564
1230 2025049462
1231 2108821117
1232 2114081607
1233 2307018077
1234 2425548367
1235 2498980020
1236 2526983455
1237 2549092026
1238 2569625745
1239 2591102867
1240 2603406422
1241 2606135340
1242 2695358573
1243 2755590954
1244 2765965898
1245 2776859894
1246 2783622546
1247 2791524775
1248 2792630319
1249 2793508269
1250 2800640381
1251 2807030658
1252 2883530862
1253 2892398836
1254 1990049746
1255 1991241227
1256 1992985278
1257 1996287559
1258 1999727996
1259 2001856902
1260 2011603369
1261 2028657921
1262 2048251595
1263 2049442721
1264 2054083798
1265 2057992256
1266 2059515884
1267 2081037183
1268 2092366825
1269 2097419069
1270 2101915370
1271 2109558277
1272 2117774525
1273 2118782187
1274 2124430169
1275 2132847188
1276 2192186419
1277 2343238869
1278 2345142715
1279 2399432257
1280 2405796074
1281 2409873758
1282 2477673797
1283 2500415994
1284 2522523565
1285 2628980614
1286 2762932411
1287 2763836835
1288 2765571205
1289 2789904783
1290 2791643400
1291 2801634944
1292 2894270381
1293 1978708265
1294 2003530067
1295 2022272187
1296 2062132646
1297 2105773843
1298 2111111520
1299 2112668583
1300 2129891269
1301 2146804198
1302 2151901719
1303 2159826786
1304 2167446877
1305 2167485994
1306 2288800863
1307 2343913070
1308 2492823850
1309 2494175136
1310 2607573515
1311 2747369897
1312 2747580379
1313 2898358912
1314 2904448246
1315 2950674970
1316 2568019971
1317 2794029453
1318 2902237189
1319 1639032689
1320 1661824700
1321 1971657878
1322 2007952299
1323 2015374326
1324 2043941346
1325 2107941094
1326 2142106021
1327 2155386314
1328 2306204307
1329 2342560477
1330 2410930004
1331 2471350850
1332 2474937416
1333 2554453225
1334 2564407468
1335 2571318993
1336 1993332548
1337 2005452174
1338 2081079276
1339 2162601317
1340 2166132612
1341 2232042528
1342 2321040822
1343 2343238003
1344 2468673050
1345 2521872058
1346 2609369513
1347 2752501126
1348 2752628704
1349 2770976668
1350 2771124583
1351 2783628299
1352 2790046377
1353 2790945306
1354 2791896324
1355 2796451317
1356 2800777482
1357 2801195811
1358 2802392340
1359 2802409543
1360 2803949872
1361 2806437202
1362 2806678623
1363 2883972132
1364 2889604421
1365 2963713359
1366 1964646943
1367 1967964192
1368 2017941395
1369 2036231575
1370 2038920950
1371 2071776177
1372 2083575195
1373 2087856493
1374 2108912872
1375 2150535417
1376 2201150856
1377 2343673316
1378 2476048521
1379 2520458438
1380 2604170927
1381 2605516885
1382 2757114859
1383 2767925174
1384 2885259517
1385 2891567851
1386 1989787385
1387 2011038753
1388 2016166233
1389 2068162295
1390 2081784408
1391 2090366023
1392 2091990540
1393 2094141141
1394 2094315214
1395 2099779699
1396 2100913937
1397 2116354652
1398 2125779688
1399 2149593872
1400 2344336171
1401 2408559562
1402 2474603704
1403 2500498978
1404 2521856433
1405 2730698429
1406 2738226240
1407 2751360571
1408 2780143578
1409 2793128988
1410 2793286325
1411 2801430831
1412 2803137568
1413 2806873178
1414 2809349980
1415 2811065464
1416 2840549075
1417 2883016037
1418 2883543868
1419 2884624403
1420 2887576641
1421 2889672069
1422 2890126432
1423 2890443835
1424 2890706287
1425 2891796227
1426 2895966359
1427 2900802124
1428 2962954696
1429 1964337987
1430 2051335294
1431 2344307717
1432 2531086478
1433 2552770496
1434 2753313310
1435 2769614265
1436 2787063656
1437 2795854201
1438 2885643942
1439 2900876894
1440 2901709760
1441 2902255553
1442 2905267520
1443 2905787690
1444 2908657315
1445 2912862712
1446 607660670
1447 1980765536
1448 2010388739
1449 2014821006
1450 2015982707
1451 2026514405
1452 2028287603
1453 2029418199
1454 2042856586
1455 2046241383
1456 2130180074
1457 2142428281
1458 2163403935
1459 2163730696
1460 2167055252
1461 2171950499
1462 2192580236
1463 2313752765
1464 2341651469
1465 2765405438
1466 2097930197
1467 2099057098
1468 2107190265
1469 2145429021
1470 2161397505
1471 2344625667
1472 2523594788
1473 2801275556
1474 2888109343
1475 2889731581
1476 2909552575
1477 2925777187
1478 2944517271
1479 2982417161
1480 1968167898
1481 2030725547
1482 2053284954
1483 2097281067
1484 2168243557
1485 1969323600
1486 2040296204
1487 2055148782
1488 2102152774
1489 2106219841
1490 2131723117
1491 2164162127
1492 1970340963
1493 2048235391
1494 2132796550
1495 2150995029
1496 2159961792
1497 1976777588
1498 1986467597
1499 2100879893
1500 2120791771
1501 2132138015
1502 2141184834
1503 2147990225
1504 2149633572
1505 1586750946
1506 2098181204
1507 2114210117
1508 2114407543
1509 2119959531
1510 2133349072
1511 2134456536
1512 2142196450
1513 2143694846
1514 2169317719
1515 2170283044
1516 2172073677
1517 1996765643
1518 2021452703
1519 2028160264
1520 2030019404
1521 2055508361
1522 2060826581
1523 2066677090
1524 2154782861
1525 2168347318
1526 1974480062
1527 1979201121
1528 2033959528
1529 2040146566
1530 2066546666
1531 2111229404
1532 2112559731
1533 2115947911
1534 2119452605
1535 2138080455
1536 2161359508
1537 2168087197
1538 2012706384
1539 2085104341
1540 2085621778
1541 2091390047
1542 2096537567
1543 2099213070
1544 2101702943
1545 2110789243
1546 2112698054
1547 2119781527
1548 2131961412
1549 2150412388
1550 2159163997
1551 2163231304
1552 2166615620
1553 1777872622
1554 1965106955
1555 1971644553
1556 1975604201
1557 1983849757
1558 2016650460
1559 2019953069
1560 2029646375
1561 2046654028
1562 2062659645
1563 2068813055
1564 2080815248
1565 2082253268
1566 2099244020
1567 2099607248
1568 2103740596
1569 2110270950
1570 2112161782
1571 2114946296
1572 2114961653
1573 2125193024
1574 2125291623
1575 2140413429
1576 2141994388
1577 2143270250
1578 2144392304
1579 2154576090
1580 2157276017
1581 2163935418
1582 2165827870
1583 2169162190
1584 1708717650
1585 1976367509
1586 1991549644
1587 2001028610
1588 2016413187
1589 2023694506
1590 2023912929
1591 2051147690
1592 2052888634
1593 2075177229
1594 2094520212
1595 2100156369
1596 2122952014
1597 2138088139
1598 2139116318
1599 2147480369
1600 2162096171
1601 2168573851
1602 2276246060
1603 1535296432
1604 1810116042
1605 1968149848
1606 1987976322
1607 2014952121
1608 2022558282
1609 2053843396
1610 2056069504
1611 2082694738
1612 2109983959
1613 2118519969
1614 2168903090
1615 2038086285
1616 2099992998
1617 2102487384
1618 333771347
1619 1601655690
1620 1611931640
1621 1970884985
1622 1972326253
1623 1982698541
1624 1990557017
1625 2009169209
1626 2012484142
1627 2026819169
1628 2027067237
1629 2038148941
1630 2038262541
1631 2045954096
1632 2058474816
1633 2059041311
1634 2066106876
1635 2073069274
1636 2095455221
1637 2100372817
1638 2130171753
1639 2145163533
1640 2145286644
1641 2147180543
1642 2155328695
1643 2159691338
1644 2159916755
1645 2286455294
1646 1966283235
1647 1967387879
1648 1975442866
1649 1975832410
1650 1980811884
1651 1987193942
1652 2023013932
1653 2032612188
1654 2041349856
1655 2043303500
1656 2060551028
1657 2074465184
1658 2083527589
1659 2086626140
1660 2088721559
1661 2119945681
1662 2120085244
1663 2120558518
1664 2121798032
1665 2140697397
1666 2147211512
1667 2157457404
1668 2158280507
1669 2161036940
1670 2952055496
1671 1509765132
1672 1557366654
1673 1974235890
1674 1997701566
1675 2025119051
1676 2040168265
1677 2100999505
1678 2108834246
1679 2109542432
1680 2129791350
1681 2130905299
1682 2139965650
1683 2172723835
1684 1538766422
1685 1702614258
1686 1968751032
1687 1975743260
1688 1976475964
1689 1978072274
1690 1984058248
1691 1985632843
1692 1985711453
1693 2000060675
1694 2003930941
1695 2020218524
1696 2028112481
1697 2043117775
1698 2046530511
1699 2064592256
1700 2073051369
1701 2074231414
1702 2075703809
1703 2084328977
1704 2099886094
1705 2105078945
1706 2114414499
1707 2124582141
1708 2145979239
1709 2156526164
1710 1564544031
1711 1974561310
1712 1980013422
1713 1985355206
1714 1993844264
1715 1995727329
1716 2040118426
1717 2041542784
1718 2089572599
1719 2105493106
1720 2128092781
1721 2134571544
1722 2139771983
1723 1444409635
1724 1524566240
1725 1536651138
1726 1542900829
1727 1546350490
1728 1893431417
1729 1968099658
1730 1970486124
1731 1973466238
1732 1982482322
1733 1993774615
1734 2006023663
1735 2008047900
1736 2037094434
1737 2059147177
1738 2064024734
1739 2079850979
1740 2108422006
1741 2118228023
1742 2129088323
1743 2132952395
1744 2135153024
1745 2162164723
1746 2170102584
1747 2204949160
1748 2255265279
1749 2278572312
1750 1983757131
1751 2140656373
1752 2161006385
1753 1969878926
1754 2154851929
1755 2329681014
1756 2567142556
1757 1966554111
1758 1975036395
1759 1989115430
1760 2067977124
1761 2099302229
1762 2116685941
1763 2144994235
1764 2167292325
1765 2947437599
1766 2115447976
1767 2121323570
1768 2126017757
1769 2135131618
1770 2163212981
1771 1521272703
1772 1644928270
1773 1992240028
1774 2004877282
1775 2023071906
1776 2079571624
1777 2079847721
1778 2084165413
1779 2086587845
1780 2106200035
1781 2121863487
1782 2126961013
1783 2132777427
1784 2134289576
1785 1975802756
1786 1996673765
1787 2155527034
1788 1949468118
1789 1980256734
1790 2008668719
1791 2013120098
1792 2024974439
1793 2045362395
1794 2079720152
1795 2085656406
1796 2095244591
1797 2137243960
1798 2145397365
1799 2147018075
1800 2153393240
1801 2161666560
1802 2161705596
1803 2170239483
1804 1481895758
1805 1571655826
1806 2042684060
1807 2066492628
1808 2128579282
1809 2138631097
1810 2144532599
1811 2294729463
1812 1992623606
1813 2002811401
1814 2007572929
1815 2022254990
1816 2024176568
1817 2040367556
1818 2047725926
1819 2066037724
1820 2086658401
1821 2088084605
1822 2095581635
1823 2143007523
1824 2146456494
1825 2150886314
1826 2034864191
1827 2080640636
1828 2159678494
1829 2545037797
1830 1998661521
1831 2004912701
1832 2008695516
1833 2023380813
1834 2055590499
1835 2062789233
1836 2082081352
1837 2101788345
1838 2108528651
1839 2118488578
1840 2129021586
1841 2135099885
1842 2210177522
1843 2221980827
1844 1493888297
1845 2008665401
1846 2017751697
1847 2095908604
1848 2099574482
1849 2113869348
1850 2125444986
1851 2126462381
1852 2146230369
1853 2154929945
1854 2165046421
1855 2170918595
1856 2171211784
1857 2343050074
1858 2416799949
1859 2509709458
1860 2510493668
1861 1867593686
1862 2048196003
1863 2098863504
1864 2424065099
1865 2625473126
1866 1492109941
1867 2016124574
1868 2052179868
1869 2079306054
1870 2111039868
1871 2133794215
1872 2187477226
1873 1603585558
1874 1987497363
1875 2053269952
1876 2086145513
1877 2138744708
1878 2165616869
1879 2230328025
1880 2141840507
1881 2049577911
1882 1579523676
1883 1971910264
1884 1995471362
1885 2000559817
1886 2006925059
1887 2021973007
1888 2052061246
1889 2058498748
1890 2089020884
1891 2090654145
1892 2098529424
1893 2101963262
1894 2110348561
1895 2119362555
1896 2119710605
1897 2153964888
1898 2156098211
1899 2160189149
1900 2170024917
1901 2170577408
1902 2241708051
1903 2592097506
1904 2593036237
1905 1967906472
1906 2088836612
1907 2549993562
1908 2738753965
1909 2755508537
1910 2555132091
1911 2013182528
1912 2039358072
1913 2052230613
1914 2056088523
1915 2065905494
1916 2072671275
1917 2097974929
1918 2128177517
1919 2129059062
1920 2143480972
1921 2158378207
1922 2162018970
1923 2162787433
1924 2170777543
1925 2528305756
1926 2736554540
1927 1986987871
1928 2017094330
1929 2018061752
1930 2039627785
1931 2064361208
1932 2134777991
1933 2151540659
1934 2460071696
1935 2517461289
1936 2593010636
1937 64757854
1938 1840537519
1939 1967946563
1940 1977933711
1941 1995926231
1942 2036750863
1943 2043791244
1944 2057644048
1945 2083835467
1946 2088087163
1947 2093701766
1948 2111075016
1949 2117561657
1950 2117668875
1951 2121255383
1952 2122804302
1953 2132549513
1954 2161379786
1955 2170044052
1956 2313460562
1957 2345071975
1958 2471180274
1959 2476957299
1960 1993721485
1961 1998607499
1962 2034415518
1963 2035986292
1964 2084404802
1965 2105701444
1966 2144931885
1967 2283866494
1968 2302719488
1969 2307856135
1970 2327187098
1971 2343361823
1972 2523094016
1973 2524582890
1974 2578414290
1975 2579692724
1976 2581964350
1977 2588629739
1978 2588998993
1979 2593389066
1980 2602150274
1981 2604724011
1982 2605285283
1983 2733584164
1984 2783204554
1985 1993843131
1986 2512768043
1987 1964871151
1988 1996347321
1989 1999837281
1990 2071879357
1991 2242223225
1992 2319252913
1993 2344637340
1994 2502981632
1995 2608832604
1996 2756489842
1997 1509619080
1998 1959215207
1999 1981044874
2000 1991312775
2001 2036672508
2002 2067381742
2003 2092233818
2004 2100177358
2005 2122744491
2006 2126488048
2007 2144676920
2008 2168087406
2009 2169363112
2010 2258533367
2011 2277419020
2012 2408124296
2013 2479110697
2014 2565040968
2015 2586063770
2016 850168323
2017 2004029829
2018 2100928747
2019 2168738892
2020 2244035223
2021 2784093995
2022 1579157456
2023 1590174667
2024 1965093697
2025 2003738415
2026 2043502923
2027 2093327657
2028 2109426455
2029 2134167315
2030 2137100320
2031 2156221064
2032 2315865805
2033 2325261190
2034 2438328984
2035 2523189116
2036 2526139678
2037 2557998141
2038 2567370096
2039 2594440255
2040 2594557668
2041 2727195659
2042 2729845432
2043 2742348149
2044 2784143363
2045 2789321219
2046 2797375411
2047 2804380274
2048 2744738758
2049 2765532613
2050 2789750824
2051 2963191855
2052 2963265080
2053 1980974075
2054 2003151772
2055 2057374123
2056 2345188613
2057 2443552644
2058 2502552388
2059 2522153945
2060 2579735917
2061 2626588362
2062 2744059389
2063 2773287644
2064 2802893960
2065 2962912298
2066 2964231446
2067 1773149500
2068 2043874598
2069 2044846595
2070 2051376734
2071 2089695767
2072 2099471712
2073 2100989187
2074 2134671728
2075 2173520492
2076 2294748733
2077 2309512289
2078 2389383564
2079 2743104312
2080 1904504745
2081 2397723600
2082 2609618253
2083 2624989916
2084 2725312916
2085 2785520951
2086 1988778152
2087 2095027657
2088 2469524028
2089 2517351156
2090 2609797039
2091 2615458594
2092 2766324256
2093 1942762523
2094 1974313225
2095 2086419673
2096 2437754454
2097 2545272100
2098 2584854468
2099 2886047403
2100 2127079338
2101 2283770874
2102 2404632246
2103 2406936222
2104 2576360927
2105 2963439135
2106 1977986674
2107 2002475595
2108 2031972300
2109 2035883018
2110 2060280062
2111 2081420711
2112 2085522395
2113 2091196730
2114 2095396347
2115 2100147865
2116 2108611194
2117 2131877534
2118 2153200718
2119 2338892592
2120 2340862004
2121 2507200569
2122 2507908806
2123 2611241975
2124 2796314695
2125 2803428049
2126 2886933259
2127 2890672115
2128 2916709516
2129 1530780135
2130 1916769834
2131 1973454958
2132 2009251196
2133 2009654461
2134 2020669710
2135 2052169465
2136 2057415864
2137 2074937974
2138 2123805908
2139 2511747249
2140 2546679426
2141 2593227599
2142 2602020924
2143 2605633941
2144 2739652405
2145 2775033655
2146 2775051529
2147 2784189955
2148 2796244678
2149 2803557526
2150 2890884249
2151 2894543895
2152 2897781255
2153 2963334314
2154 2964164085
2155 1538343039
2156 1979261109
2157 2063138782
2158 2064081294
2159 2100916320
2160 2108121869
2161 2118055871
2162 2155051889
2163 2172093107
2164 2240192984
2165 2314731887
2166 2317874219
2167 2492689404
2168 2558891025
2169 2567101557
2170 2587903431
2171 2735883025
2172 2744660192
2173 2746975772
2174 2751785399
2175 2766483522
2176 2792312025
2177 2792367815
2178 2794819957
2179 2802468127
2180 2904843110
2181 1510835000
2182 1984309565
2183 1989779308
2184 2017245158
2185 2032007016
2186 2036973297
2187 2055611119
2188 2088633797
2189 2094524899
2190 2113137767
2191 2127707449
2192 2128272608
2193 2135029798
2194 2135957164
2195 2146103513
2196 2162216530
2197 2164084182
2198 2567978322
2199 1528789833
2200 1964884769
2201 1974536722
2202 1981228217
2203 1982075130
2204 1986811142
2205 1992992668
2206 1996140089
2207 2007685793
2208 2010181071
2209 2013249243
2210 2023544170
2211 2035784046
2212 2046382188
2213 2047670868
2214 2061035601
2215 2065372998
2216 2087100776
2217 2100529712
2218 2104102555
2219 2104915577
2220 2110158442
2221 2112553126
2222 2124386111
2223 2128715914
2224 2130502991
2225 2131297486
2226 2153760331
2227 2161337641
2228 2162986467
2229 2403333215
2230 1975150893
2231 2007534788
2232 2021448594
2233 2022751267
2234 2028099788
2235 2037954058
2236 2078132377
2237 2097927807
2238 2098702446
2239 2100470808
2240 2105454024
2241 2118246710
2242 2125647562
2243 2130147475
2244 2130637418
2245 2157554677
2246 2169041475
2247 1902622700
2248 2116088236
2249 2129242325
2250 2136124811
2251 2035593355
2252 2067191022
2253 2068194118
2254 2108825342
2255 2115004357
2256 2119300483
2257 2122465129
2258 2128446554
2259 2139772777
2260 2140231476
2261 2140695456
2262 2144954512
2263 2158987471
2264 2161122075
2265 2162558265
2266 2167403408
2267 2170181714
2268 2170425671
2269 1562521440
2270 1965777286
2271 1974623518
2272 1987332140
2273 2008577131
2274 2029043675
2275 2037953694
2276 2108179693
2277 2110905672
2278 2112618722
2279 2114150205
2280 20683899
2281 1605517717
2282 1976409045
2283 1976754232
2284 1986670485
2285 1993713494
2286 2000946514
2287 2161185676
2288 1573965745
2289 1964246740
2290 2008736926
2291 2031357951
2292 2036682493
2293 2079315848
2294 2116498084
2295 2123921160
2296 2132467081
2297 2134149142
2298 2138204001
2299 2154209944
2300 2157069239
2301 2163808566
2302 2163895617
2303 1933961863
2304 2014506555
2305 2042986132
2306 2100359189
2307 2112406865
2308 2112648344
2309 2114586481
2310 2119808428
2311 2136753421
2312 2166644072
2313 2094485927
2314 2115514946
2315 2124985545
2316 2128550043
2317 2165634339
2318 2751961747
2319 2026587561
2320 2074754798
2321 2100331075
2322 2106236103
2323 2111106670
2324 2128449318
2325 2137001840
2326 2158113616
2327 2169606607
2328 2171203958
2329 1975098576
2330 2015560426
2331 2019708143
2332 2102607939
2333 2103975552
2334 2112693531
2335 2119575954
2336 2124848504
2337 2132135004
2338 2143409403
2339 2145049389
2340 2148501239
2341 2157583523
2342 2169592462
2343 1519492532
2344 1990261756
2345 2066444650
2346 2068034381
2347 2080168154
2348 2108817711
2349 2121067969
2350 2124188622
2351 2125651279
2352 2126532873
2353 2126911794
2354 2134254441
2355 2137659999
2356 2137968810
2357 2145023731
2358 2151489937
2359 2164156244
2360 2169966235
2361 2108931344
2362 2106600944
2363 1984877742
2364 2131747028
2365 2158062773
2366 1999478155
2367 2001360116
2368 2001683114
2369 2001756381
2370 2002110036
2371 2010365910
2372 2011103488
2373 2050167119
2374 2097323414
2375 2104672191
2376 2121927366
2377 2121947440
2378 2124260943
2379 2129872026
2380 2139276606
2381 2146037576
2382 2152632881
2383 10619482
2384 1968058417
2385 2035773017
2386 2099808703
2387 2103334940
2388 2106524364
2389 2126322579
2390 2138221429
2391 2157840858
2392 2161969291
2393 2167499379
2394 1549602124
2395 1851859528
2396 1883839191
2397 1943824615
2398 1994039649
2399 2003467992
2400 2006676870
2401 2008744501
2402 2024091300
2403 2034058812
2404 2046387043
2405 2049617434
2406 2073711670
2407 2084319905
2408 2084844503
2409 2096495282
2410 2114543139
2411 2116331921
2412 2118038985
2413 2121601095
2414 2126178892
2415 2129150631
2416 2131035963
2417 2147469781
2418 2153715347
2419 2163945819
2420 2217896605
2421 1980852932
2422 1986606935
2423 2009260473
2424 2013683403
2425 2018377917
2426 2018765149
2427 2022896486
2428 2048077185
2429 2064349969
2430 2068805854
2431 2080008265
2432 2083045709
2433 2096381661
2434 2111127188
2435 2112073221
2436 2125730997
2437 2132145037
2438 2132610780
2439 2134347248
2440 2140262997
2441 2141081215
2442 2150441580
2443 2165290000
2444 2170835573
2445 2985516514
2446 2075708502
2447 2106874006
2448 2143057794
2449 2145309283
2450 2541335858
2451 1969733239
2452 2002574940
2453 2002781701
2454 2028590536
2455 2059658716
2456 2069241582
2457 2070431494
2458 2074417978
2459 2148799933
2460 2406442301
2461 2000417647
2462 2014658969
2463 2104978358
2464 2116046277
2465 2119531662
2466 2137554146
2467 2086237888
2468 2170869852
2469 1524133304
2470 1602357904
2471 1966928092
2472 1996643156
2473 1996929001
2474 2011430131
2475 2018786389
2476 2020292575
2477 2030152922
2478 2039051707
2479 2042287538
2480 2046589280
2481 2047873709
2482 2063599644
2483 2068268607
2484 2069664495
2485 2096265622
2486 2103220603
2487 2109583775
2488 2111993661
2489 2113180829
2490 2113447708
2491 2114507260
2492 2114994812
2493 2118136265
2494 2119546631
2495 2130660124
2496 2131067223
2497 2132705406
2498 2139261503
2499 2147069236
2500 2152262720
2501 2152773182
2502 2163534628
2503 2167665185
2504 1995074745
2505 2035005936
2506 2063334440
2507 2101319289
2508 2116936728
2509 2122540797
2510 2129967657
2511 2136337914
2512 2141252613
2513 2167153142
2514 21025885
2515 1699734612
2516 2020236530
2517 2026942357
2518 2031489346
2519 2031810115
2520 2056238658
2521 2097878628
2522 2103357101
2523 2159772167
2524 2163588226
2525 2171378720
2526 1498825465
2527 1520215354
2528 2030655907
2529 2096579040
2530 2101683776
2531 2102339750
2532 2120599612
2533 2130003546
2534 2137326761
2535 2150382836
2536 2150674727
2537 2151948500
2538 2155357271
2539 2161039766
2540 2107373056
2541 2119416257
2542 1970449280
2543 1995517039
2544 2082834618
2545 2101309634
2546 2118978333
2547 2119191234
2548 2123448110
2549 2132559259
2550 2143516773
2551 2161193411
2552 2166978545
2553 32486519
2554 1497094965
2555 1559885501
2556 1963937156
2557 1967125100
2558 1970342316
2559 1996326832
2560 2005744777
2561 2048809922
2562 2055158687
2563 2056510881
2564 2060550624
2565 2079241389
2566 2095816583
2567 2107055466
2568 2114367324
2569 2115717322
2570 2118490033
2571 2123698797
2572 2131747574
2573 2133946027
2574 2144867693
2575 2149142337
2576 2151096523
2577 2151848798
2578 2159548549
2579 2162137295
2580 2164720308
2581 2170610624
2582 2295598507
2583 1977921104
2584 2115823575
2585 2154879246
2586 2158017793
2587 2163461375
2588 2167267119
2589 2171065153
2590 2100857488
2591 2039313011
2592 2066624635
2593 2081239020
2594 2124351162
2595 2169551590
2596 2170490343
2597 1987778757
2598 2098766434
2599 2098809901
2600 2103709441
2601 2145315754
2602 1965242876
2603 2021945017
2604 2031349701
2605 2044884093
2606 2057403270
2607 2077743816
2608 2077832495
2609 2084272324
2610 2130598985
2611 2146944781
2612 2147000487
2613 2159267849
2614 122664373
2615 1972735298
2616 1985278165
2617 1985949187
2618 2047957240
2619 2081282645
2620 2088783430
2621 2100618994
2622 2103310616
2623 2113302288
2624 2131113095
2625 2132344920
2626 2141155330
2627 2164989680
2628 2166554908
2629 2167322721
2630 1785730614
2631 1965643793
2632 1967268147
2633 2034110104
2634 2129287605
2635 2134839354
2636 2167388493
2637 1994718298
2638 2113581782
2639 2142256536
2640 2154006076
2641 1491064437
2642 2004797183
2643 2017183134
2644 2047499495
2645 2094852277
2646 2100220302
2647 2100236155
2648 2120057992
2649 2123330025
2650 2129609911
2651 2142931968
2652 2165574690
2653 2171514062
2654 1982410540
2655 1993117771
2656 2043651077
2657 2122076510
2658 2156777442
2659 2134667103
2660 2137159287
2661 2142455548
2662 2160773362
2663 1965273945
2664 2117607964
2665 2130703261
2666 2141563176
2667 2143280488
2668 2147580353
2669 2161282618
2670 2116055423
2671 2133079166
2672 2150225234
2673 2153416280
2674 2123836121
2675 1963565426
2676 2001887139
2677 2022686119
2678 2072204744
2679 2110116545
2680 2116023383
2681 2125858574
2682 2132103241
2683 2148512378
2684 2151048325
2685 2156348596
2686 2159128898
2687 2164500538
2688 1519542196
2689 2109937319
2690 2140277155
2691 2149344108
2692 1507028917
2693 1523411603
2694 2004863768
2695 2106405866
2696 2108735366
2697 1978749743
2698 2148316855
2699 2158396603
2700 2162714360
2701 2170342172
2702 625543958
2703 1966461713
2704 1989279094
2705 1989348325
2706 1991820943
2707 2002753554
2708 2023592349
2709 2026019603
2710 2032078878
2711 2033859430
2712 2034740917
2713 2068329823
2714 2070414526
2715 2080142539
2716 2085625911
2717 2085964072
2718 2096979710
2719 2107200795
2720 2113708607
2721 2126574503
2722 2154063764
2723 2164495475
2724 2167331599
2725 2169632643
2726 1497443722
2727 1978741881
2728 2041719651
2729 2060703126
2730 2091298358
2731 2102388230
2732 2114582993
2733 2128340050
2734 2138046011
2735 2139047169
2736 2169561119
2737 959332845
2738 1484037809
2739 1484228140
2740 1772076007
2741 1876673668
2742 1918837316
2743 2039920533
2744 2043331342
2745 2066941820
2746 2168228682
2747 2172196609
2748 2315287060
2749 1522318187
2750 1566135517
2751 2051949897
2752 2147659939
2753 2163352848
2754 2165949176
2755 933200379
2756 1978345117
2757 1530781137
2758 1954128991
2759 2037854105
2760 2097787789
2761 2138682569
2762 2149760002
2763 2181396264
2764 2303037199
2765 1586994488
2766 1903001680
2767 1919681008
2768 1919709169
2769 1932188298
2770 2020477327
2771 2143485206
2772 2399628449
2773 1500750868
2774 1572773188
2775 1969665649
2776 2009768507
2777 2135555978
2778 2146395539
2779 2150104414
2780 2171025892
2781 2407574721
2782 1897243830
2783 1994922096
2784 2000728570
2785 2015725301
2786 2034500092
2787 2035299679
2788 2039465985
2789 2048074730
2790 2066949013
2791 2086791339
2792 2108862644
2793 2129587342
2794 2129933262
2795 2140000690
2796 2155709634
2797 2160398355
2798 2166650627
2799 2486803733
2800 2133858838
2801 2142470670
2802 2257235526
2803 2293114425
2804 2475062953
2805 1973674417
2806 1978301949
2807 1981076008
2808 2040617105
2809 2073812468
2810 2080269134
2811 2099308462
2812 2141224535
2813 1686810756
2814 1878915617
2815 1950136256
2816 1971300510
2817 1983245114
2818 1984532536
2819 2019598563
2820 2031783473
2821 2054747732
2822 2091644467
2823 2102537836
2824 2123436043
2825 2125409550
2826 2133990480
2827 2159951683
2828 2162921217
2829 2162931300
2830 2163943109
2831 2299899589
2832 2343540477
2833 7746136
2834 1593956231
2835 1938929646
2836 1978904636
2837 2005835178
2838 2019639681
2839 2059925611
2840 2070199179
2841 2117301471
2842 2295080639
2843 613407968
2844 1481385029
2845 1599165494
2846 1693345094
2847 1964127768
2848 1967158716
2849 1970476176
2850 1981717224
2851 1990864775
2852 1994634851
2853 2008864672
2854 2011410589
2855 2011698400
2856 2016216136
2857 2018882088
2858 2035866593
2859 2036999561
2860 2040441737
2861 2041346029
2862 2060799896
2863 2062520372
2864 2067084019
2865 2069057506
2866 2070808135
2867 2071860582
2868 2073237885
2869 2101705628
2870 2104167780
2871 2104733578
2872 2105750863
2873 2111918405
2874 2114701396
2875 2115609520
2876 2116076678
2877 2125480112
2878 2130103520
2879 2131427446
2880 2140235142
2881 2141572457
2882 2143373691
2883 2147393230
2884 2148143831
2885 2148290050
2886 2149354762
2887 2149413964
2888 2152225860
2889 2165837041
2890 2168082005
2891 2187051054
2892 2295382735
2893 2339722606
2894 2417256080
2895 2480572218
2896 2525668722
2897 1565402342
2898 1992291380
2899 2076627197
2900 2080541453
2901 2137625266
2902 2158211626
2903 2166184839
2904 2216487279
2905 1972769376
2906 1975802433
2907 1986331494
2908 1996031228
2909 2037328649
2910 2063608179
2911 2067064274
2912 2086420784
2913 2088574598
2914 2112570919
2915 2118164915
2916 2142841657
2917 2609376899
2918 617058026
2919 1997137149
2920 2039039026
2921 2068419217
2922 2079462969
2923 2099712288
2924 2104564430
2925 2122256465
2926 2156686129
2927 2170632605
2928 2248450827
2929 2282640221
2930 2486722903
2931 1861492603
2932 1895838842
2933 1934890906
2934 1946606198
2935 2019658628
2936 2078903912
2937 2088740664
2938 2155893237
2939 2163605009
2940 2395579298
2941 2509231440
2942 4554164
2943 566255863
2944 1409522266
2945 1520246575
2946 1914179642
2947 1963920598
2948 1968731684
2949 1984034752
2950 2022872382
2951 2037019817
2952 2068078373
2953 2069738786
2954 2080955644
2955 2086052791
2956 2104252248
2957 2110370288
2958 2150593711
2959 2157244733
2960 2212714315
2961 2545985378
2962 2009454845
2963 2047508432
2964 2111381911
2965 2160398734
2966 2527384707
2967 2620871200
2968 2731833015
2969 1988790447
2970 2300201862
2971 2589302775
2972 65124300
2973 780945360
2974 1903029394
2975 1991514359
2976 2004025832
2977 2006591234
2978 2038681958
2979 2046670074
2980 2072725829
2981 2110019070
2982 2160144769
2983 2160613239
2984 2273844037
2985 2346506533
2986 2470139095
2987 2501148868
2988 2508497007
2989 2513443267
2990 2583681180
2991 2148383759
2992 1890043785
2993 1942214758
2994 1947031653
2995 2027253213
2996 2050938638
2997 2342491128
2998 2342851138
2999 2344340558
3000 2358876993
3001 2407186926
3002 2520274358
3003 2529603763
3004 2549713154
3005 2581874211
3006 2620958690
3007 2190045065
3008 2294182682
3009 2301941309
3010 1948843088
3011 2165363188
3012 2212216676
3013 2514453564
3014 2950926078
3015 1980120082
3016 2005901888
3017 2018946093
3018 2063273536
3019 2094274531
3020 2118985252
3021 2407348013
3022 2461475918
3023 2519528544
3024 2552652233
3025 2588503511
3026 2612787369
3027 2775764790
3028 1507506748
3029 1536680647
3030 1745334888
3031 1927486677
3032 2088049833
3033 2102605133
3034 2144794286
3035 2307770531
3036 2412782625
3037 2557310260
3038 2613718673
3039 2949295283
3040 2952819818
3041 2963825193
3042 1894057436
3043 2039429895
3044 2043281736
3045 2323509952
3046 2345681014
3047 2402395722
3048 2415053570
3049 2511589228
3050 2556053754
3051 2606302360
3052 2624257031
3053 1968310265
3054 1975004917
3055 1988296525
3056 1999033483
3057 2000158643
3058 2012947566
3059 2013875322
3060 2021636361
3061 2039760575
3062 2047745311
3063 2058503137
3064 2060388208
3065 2079658337
3066 2087959614
3067 2089822531
3068 2296234561
3069 2517645914
3070 2530289846
3071 2547273447
3072 2592444858
3073 1513768190
3074 1559046793
3075 1907877624
3076 2060814785
3077 2109579504
3078 2113221323
3079 2115193009
3080 2117539524
3081 2121660792
3082 2131625065
3083 2136539266
3084 2136724559
3085 2138302688
3086 2145749002
3087 2149077040
3088 2154889144
3089 2163532725
3090 2168804568
3091 2212077366
3092 2293873019
3093 2335901184
3094 2467181293
3095 2509268119
3096 2513528543
3097 2554972893
3098 2570343428
3099 2619248916
3100 2751514133
3101 2753880217
3102 2765137706
3103 140330156
3104 158492211
3105 1534510265
3106 1555385401
3107 1904248166
3108 1990342138
3109 1990802205
3110 1998588337
3111 2116007667
3112 2131720600
3113 2155598147
3114 2162813810
3115 2295160225
3116 2337182152
3117 2462818403
3118 2887503470
3119 88469699
3120 1910102824
3121 2295326880
3122 2325835689
3123 2468480815
3124 2475094479
3125 2568271872
3126 2750988638
3127 2760930079
3128 2773771410
3129 2782517686
3130 1677182931
3131 2031596661
3132 2049389369
3133 2147253850
3134 2552531400
3135 2744263836
3136 2757028014
3137 2800632947
3138 2963253279
3139 1986342589
3140 2068044747
3141 2082253612
3142 2141834896
3143 2558002256
3144 1673923490
3145 1821462560
3146 1945616565
3147 1966100433
3148 2076063813
3149 2106663508
3150 2108598243
3151 2183341477
3152 2243397390
3153 2460937040
3154 2466025545
3155 2482567233
3156 2503523779
3157 2535873859
3158 2561975083
3159 2593892853
3160 2607219512
3161 2611576673
3162 2618043096
3163 2620038827
3164 2640329709
3165 2767962654
3166 2803949585
3167 2963857521
3168 2964082701
3169 1485037422
3170 1966025376
3171 2517325737
3172 2520640394
3173 2587989515
3174 2765838470
3175 2766315367
3176 2783231089
3177 2789006531
3178 2798825526
3179 2949370174
3180 2949533892
3181 2950094539
3182 2952771913
3183 1502916507
3184 1910300841
3185 1923967535
3186 1939575207
3187 1956333070
3188 1974647172
3189 1992371516
3190 1994320209
3191 1994655805
3192 2007339694
3193 2017814585
3194 2043490736
3195 2047186200
3196 2074668987
3197 2079202281
3198 2124509324
3199 2134514757
3200 2153273131
3201 2162064258
3202 2164278908
3203 2164338181
3204 2519936666
3205 2538995153
3206 2546614363
3207 2592051024
3208 2593190442
3209 2594105920
3210 2594800845
3211 2598003564
3212 2760998155
3213 2770294376
3214 2783286101
3215 2783599155
3216 2801122074
3217 2801765193
3218 2913932916
3219 2949650786
3220 2950026462
3221 2952672548
3222 2952986702
3223 377503036
3224 1914184355
3225 1920280450
3226 1995551327
3227 2095875585
3228 2101298495
3229 2115733720
3230 2129112648
3231 2142325789
3232 2163707455
3233 2166049352
3234 2261730354
3235 2616944656
3236 2781067279
3237 2786145666
3238 2949800547
3239 1522301498
3240 2096733369
3241 2271840356
3242 2325939864
3243 2395521575
3244 2523714292
3245 2572504188
3246 2728509532
3247 2736899637
3248 2759358869
3249 2766188896
3250 2785486371
3251 2963920068
3252 56385144
3253 1616462885
3254 1799366690
3255 1850742715
3256 1898560071
3257 1905245135
3258 1937922215
3259 1955942245
3260 2000355138
3261 2081580037
3262 2106008047
3263 2133564696
3264 2136251662
3265 2171560976
3266 2207849498
3267 2247349754
3268 2267727210
3269 2274287116
3270 2289708887
3271 2328317224
3272 2336829997
3273 2413161868
3274 2462457117
3275 2479109623
3276 2511730936
3277 2515116636
3278 2518869836
3279 2522198061
3280 2544405876
3281 2560552919
3282 2561238782
3283 2605192462
3284 2609476118
3285 2618530766
3286 2737725206
3287 2752782242
3288 2758150123
3289 2763070548
3290 2763898096
3291 2765268259
3292 2786386386
3293 2884585870
3294 2949334740
3295 2949820118
3296 2950014519
3297 2950178297
3298 2950179405
3299 2951005624
3300 2951527505
3301 2951583185
3302 2952186574
3303 2952429010
3304 2953328958
3305 1533861849
3306 2286929393
3307 2558906385
3308 2612135493
3309 2779286524
3310 2889736754
3311 2896657282
3312 2950631816
3313 2963828885
3314 1836967730
3315 1973399149
3316 1999360130
3317 2077786999
3318 2116013899
3319 2119798818
3320 2232702494
3321 2292976057
3322 2331128040
3323 2475287302
3324 2550673061
3325 2564755245
3326 2577169677
3327 2588600710
3328 2963032190
3329 2963299740
3330 2529173830
3331 2583180462
3332 2617955417
3333 2730649282
3334 2798322248
3335 1485009520
3336 2064675550
3337 2111602053
3338 2125637308
3339 2151009539
3340 2168555635
3341 2293050472
3342 2560127267
3343 2563208159
3344 2590321054
3345 2741799873
3346 2748478633
3347 2765161239
3348 2798807298
3349 2895340898
3350 2949236781
3351 2950891598
3352 2965638232
3353 589665618
3354 1973054923
3355 2021772093
3356 2200599981
3357 2460260369
3358 2463175074
3359 2562457735
3360 2564998703
3361 2566030665
3362 2585592883
3363 2591696292
3364 2595280704
3365 2610147486
3366 2737008123
3367 2747668150
3368 2750515003
3369 2759011671
3370 2890853604
3371 2953296820
3372 2963732700
3373 2963983744
3374 1968512012
3375 2037817226
3376 2038469443
3377 2048506041
3378 2053211294
3379 2068365665
3380 2131355302
3381 2153081924
3382 265189144
3383 1514940655
3384 1566499617
3385 1595176178
3386 1790954942
3387 1826790618
3388 1974890000
3389 1990334093
3390 2067996809
3391 2078387404
3392 2107968230
3393 2109059049
3394 2117348815
3395 2127626825
3396 2128217726
3397 2139573966
3398 2140524605
3399 2140679654
3400 2146811452
3401 2147709600
3402 2154680954
3403 2426031434
3404 50132804
3405 1974821667
3406 2002123483
3407 2025546194
3408 2033419168
3409 2100221277
3410 2100281586
3411 2101576074
3412 2105881518
3413 2109647201
3414 2110599581
3415 2111427896
3416 2114214092
3417 2119332272
3418 2132918094
3419 2141717716
3420 2142765153
3421 2149516292
3422 1577846448
3423 1997175872
3424 2018038558
3425 2020971068
3426 2028907076
3427 2064564753
3428 2102780391
3429 2104527724
3430 2107560318
3431 2152305589
3432 2163313580
3433 1970708615
3434 2068222672
3435 2117553576
3436 2121647436
3437 2123977795
3438 2154872931
3439 2156718197
3440 1549460003
3441 1597571509
3442 1608718905
3443 2018667667
3444 2123144378
3445 2140959843
3446 2154691736
3447 2154992274
3448 2181315643
3449 2280678101
3450 2313342918
3451 2343630550
3452 2396140704
3453 2399102696
3454 2511019053
3455 2531214401
3456 1600810180
3457 1967847028
3458 1973948212
3459 2028735463
3460 2047634927
3461 2079852922
3462 2130695501
3463 2145158371
3464 2149706766
3465 2153635508
3466 2159693110
3467 2160072137
3468 2160966992
3469 2167453047
3470 2181053941
3471 2312646805
3472 2565727965
3473 2913455019
3474 248959849
3475 1489073918
3476 1608454601
3477 1972544015
3478 1973445088
3479 2007087405
3480 2063987149
3481 2099940443
3482 2102387656
3483 2124623839
3484 2150341604
3485 2160841769
3486 2198623851
3487 2342408547
3488 2343841005
3489 2412267538
3490 2470845252
3491 2519367760
3492 2535642622
3493 2552964202
3494 2557283755
3495 2557513839
3496 2580641941
3497 2584408238
3498 2592440977
3499 2610611112
3500 2618013577
3501 2724268118
3502 2734713605
3503 2743475759
3504 2743678626
3505 2755146079
3506 2755236197
3507 2756489700
3508 2762776925
3509 2768211408
3510 91663998
3511 2029410598
3512 2035820318
3513 2050440329
3514 2099741732
3515 2131321253
3516 2132360759
3517 2152119085
3518 2757951733
3519 2767782829
3520 2791830995
3521 1556434084
3522 2103900566
3523 2139927044
3524 2142291103
3525 2143162151
3526 2151357380
3527 2248685949
3528 2588283913
3529 2748252044
3530 2968743616
3531 1971044260
3532 2020957915
3533 2044837370
3534 2065252721
3535 2070253211
3536 2073401630
3537 2076068958
3538 2098043650
3539 2120999040
3540 2126511896
3541 2145343602
3542 2148048965
3543 2255440954
3544 2336226252
3545 2557684744
3546 2593887237
3547 2588823568
3548 2802926325
3549 1416232810
3550 1532327008
3551 1585385982
3552 1906766771
3553 1985583020
3554 2010937652
3555 2048679005
3556 2077276425
3557 2079057609
3558 2087424554
3559 2097089247
3560 2106985565
3561 2107042471
3562 2109501666
3563 2111316763
3564 2112338564
3565 2121853761
3566 2128614648
3567 2128999403
3568 2129710414
3569 2133556223
3570 2136490963
3571 2140002156
3572 2141923507
3573 2145001205
3574 2154546490
3575 2168464035
3576 2169709322
3577 2274662224
3578 2460564970
3579 2470710153
3580 2558737541
3581 2740409956
3582 2741807795
3583 2755116089
3584 2808139377
3585 2922656120
3586 2949416428
3587 1986818650
3588 2082562176
3589 2950713277
3590 2118047185
3591 2146320559
3592 2158497151
3593 2133672408
3594 169091707
3595 1970456710
3596 1996928595
3597 2003166982
3598 2006825908
3599 2054341572
3600 2064028512
3601 2068546124
3602 2073746532
3603 2083970810
3604 2093012077
3605 1793687058
3606 1964673636
3607 1988740976
3608 1995245044
3609 2019677201
3610 2022179648
3611 2026122851
3612 2031563136
3613 2035017192
3614 2084298329
3615 2091897676
3616 2117097494
3617 1633751774
3618 1998938582
3619 2011458209
3620 2015421054
3621 2015956189
3622 2021587421
3623 2064534477
3624 2065513175
3625 2071284784
3626 2099428240
3627 2110168861
3628 2125431716
3629 2138181505
3630 2139151158
3631 2296616510
3632 2033140753
3633 2186454382
3634 1571917625
3635 1964777730
3636 1994424757
3637 1996021349
3638 2006672775
3639 2008399481
3640 2053691921
3641 2056370875
3642 2132984323
3643 2133665775
3644 2153663612
3645 2159527094
3646 2509193460
3647 1528802557
3648 1584429194
3649 1976136582
3650 1982434516
3651 2004009865
3652 2034956274
3653 2062226521
3654 2062308424
3655 2083681137
3656 2109519887
3657 2124611392
3658 2138399627
3659 2156440304
3660 2296904907
3661 2511292138
3662 2561142051
3663 2571896688
3664 2762383441
3665 1970201160
3666 2249152912
3667 2276491276
3668 2509267076
3669 2513169612
3670 2526062435
3671 2556261813
3672 2627077734
3673 2032928189
3674 2104836601
3675 2187817694
3676 2291367065
3677 2337292434
3678 2341829365
3679 2342846312
3680 2367168455
3681 2468665707
3682 2511206786
3683 2523313064
3684 2564104540
3685 2610117583
3686 2612353427
3687 2612360264
3688 2735743739
3689 2737906554
3690 2755625779
3691 2784248829
3692 1681142726
3693 1983392244
3694 2040099680
3695 2043292349
3696 2088347497
3697 2271827173
3698 2346058735
3699 2516526632
3700 2557097975
3701 2561220299
3702 2593195937
3703 2741833902
3704 2752514249
3705 2767180417
3706 2017801928
3707 2057920517
3708 2344008394
3709 2344372073
3710 2508600022
3711 2548477915
3712 2574112855
3713 2767793240
3714 2783870313
3715 2771169645
3716 2048408488
3717 2069563887
3718 2295489898
3719 2577376504
3720 2751058512
3721 2761823898
3722 1566882572
3723 2044470449
3724 2072747997
3725 2137554018
3726 2149584339
3727 2163479845
