0 10000
0 10001
0 10002
0 10003
0 10004
0 10005
0 10006
0 10007
0 10008
0 10009
0 10010
0 10011
0 10012
0 10013
0 10014
0 10015
0 10016
0 10017
0 10018
0 10019
0 10020
0 10021
0 10022
0 10023
0 10024
0 10025
0 10026
0 10027
0 10028
0 10029
0 10030
0 10031
0 10032
0 10033
0 10034
1 10035
1 10036
1 10037
1 10038
1 10039
1 10040
1 10041
1 10042
1 10043
1 10044
2 10045
2 10046
2 10047
2 10048
2 10049
2 10050
2 10051
2 10052
2 10053
2 10054
2 10055
2 10056
2 10057
2 10058
2 10059
2 10060
2 10061
2 10062
2 10063
2 10064
2 10065
2 10066
2 10067
2 10068
2 10069
2 10070
2 10071
3 10072
3 10073
3 10074
3 10075
3 10076
3 10077
3 10078
3 10079
3 10080
3 10081
3 10082
3 10083
3 10084
3 10085
3 10086
3 10087
3 10088
3 10089
3 10090
3 10091
3 10092
3 10093
3 10094
3 10095
3 10096
3 10097
4 10098
4 10099
4 10001
4 10100
4 10101
4 10102
4 10103
4 10104
4 10105
4 10106
4 10107
4 10108
4 10109
4 10110
4 10111
4 10112
4 10113
4 10114
4 10115
4 10116
4 10117
4 10118
4 10119
4 10120
4 10121
4 10122
4 10123
4 10124
4 10125
4 10126
4 10027
4 10127
4 10128
4 10129
4 10130
4 10131
5 10132
5 10133
5 10134
5 10135
5 10136
5 10137
5 10138
5 10139
5 10140
5 10141
5 10142
5 10143
5 10144
5 10145
5 10146
5 10147
5 10148
5 10149
5 10150
5 10151
5 10152
5 10153
5 10154
5 10155
5 10156
5 10157
5 10158
5 10159
5 10160
5 10161
5 10162
5 10163
5 10164
5 10165
5 10166
5 10167
5 10168
5 10169
5 10170
5 10171
5 10172
6 10173
6 10174
6 10175
6 10176
6 10177
6 10178
6 10179
6 10180
6 10181
6 10182
6 10183
6 10184
6 10083
6 10185
6 10037
6 10186
6 10187
6 10086
6 10188
6 10092
6 10189
6 10190
6 10191
6 10192
6 10193
6 10094
6 10095
6 10096
6 10194
6 10195
6 10196
6 10197
6 10097
6 10198
7 10199
7 10200
7 10201
7 10202
7 10203
7 10204
7 10205
7 10206
7 10207
7 10208
7 10209
7 10210
7 10211
7 10212
7 10213
7 10214
7 10215
7 10216
7 10217
7 10218
7 10219
7 10220
7 10221
8 10001
8 10222
8 10002
8 10223
8 10224
8 10225
8 10226
8 10227
8 10228
8 10229
8 10103
8 10105
8 10107
8 10230
8 10109
8 10231
8 10006
8 10232
8 10233
8 10053
8 10234
8 10235
8 10236
8 10237
8 10238
8 10239
8 10240
8 10241
8 10242
8 10058
8 10243
8 10012
8 10244
8 10245
8 10246
8 10247
8 10248
8 10249
8 10250
8 10251
8 10062
8 10252
8 10253
8 10254
8 10255
8 10256
8 10257
8 10258
8 10259
8 10065
8 10260
8 10261
8 10067
8 10262
8 10263
8 10069
8 10264
8 10265
8 10266
8 10131
8 10267
8 10033
8 10268
8 10269
9 10270
9 10271
9 10272
9 10273
9 10274
9 10275
9 10276
9 10277
9 10278
9 10279
9 10280
9 10281
9 10282
9 10283
9 10284
9 10285
9 10286
9 10287
9 10288
9 10289
9 10290
9 10291
9 10292
9 10293
9 10092
9 10294
9 10295
9 10296
9 10297
9 10298
9 10299
9 10166
9 10095
9 10300
9 10301
9 10097
10 10302
10 10303
10 10304
10 10305
10 10306
10 10307
10 10308
10 10309
10 10310
10 10311
10 10312
10 10218
10 10313
10 10314
11 10315
11 10073
11 10316
11 10317
11 10318
11 10319
11 10320
11 10321
11 10082
11 10322
11 10185
11 10323
11 10324
11 10325
11 10086
11 10088
11 10326
11 10094
11 10095
11 10327
11 10328
11 10194
11 10097
12 10329
12 10330
12 10226
12 10331
12 10103
12 10332
12 10105
12 10107
12 10333
12 10334
12 10335
12 10336
12 10337
12 10338
12 10236
12 10339
12 10340
12 10341
12 10342
12 10243
12 10116
12 10343
12 10344
12 10248
12 10345
12 10253
12 10346
12 10347
12 10348
12 10349
12 10350
12 10120
12 10351
12 10352
12 10260
12 10261
12 10353
12 10354
12 10263
12 10355
12 10032
13 10356
13 10223
13 10357
13 10224
13 10358
13 10228
13 10229
13 10103
13 10359
13 10360
13 10361
13 10362
13 10109
13 10231
13 10363
13 10110
13 10364
13 10233
13 10337
13 10053
13 10234
13 10365
13 10366
13 10236
13 10237
13 10367
13 10239
13 10242
13 10368
13 10369
13 10058
13 10243
13 10370
13 10245
13 10371
13 10248
13 10250
13 10062
13 10372
13 10252
13 10253
13 10373
13 10255
13 10256
13 10257
13 10374
13 10258
13 10259
13 10065
13 10375
13 10261
13 10376
13 10263
13 10377
13 10069
13 10378
13 10379
13 10380
13 10269
14 10381
14 10382
14 10134
14 10135
14 10136
14 10383
14 10137
14 10140
14 10141
14 10142
14 10145
14 10147
14 10384
14 10385
14 10154
14 10386
14 10159
14 10161
14 10163
14 10387
14 10388
14 10166
14 10171
15 10356
15 10001
15 10002
15 10389
15 10225
15 10227
15 10390
15 10228
15 10229
15 10103
15 10391
15 10105
15 10107
15 10230
15 10231
15 10110
15 10006
15 10232
15 10336
15 10233
15 10337
15 10053
15 10234
15 10235
15 10392
15 10393
15 10237
15 10367
15 10394
15 10239
15 10240
15 10242
15 10369
15 10058
15 10243
15 10012
15 10370
15 10244
15 10245
15 10395
15 10246
15 10371
15 10247
15 10248
15 10396
15 10250
15 10251
15 10397
15 10062
15 10372
15 10252
15 10253
15 10254
15 10255
15 10256
15 10257
15 10258
15 10259
15 10065
15 10398
15 10260
15 10261
15 10262
15 10263
15 10399
15 10069
15 10264
15 10031
15 10131
15 10033
15 10268
15 10269
16 10099
16 10002
16 10224
16 10400
16 10401
16 10402
16 10110
16 10006
16 10336
16 10234
16 10392
16 10394
16 10242
16 10403
16 10370
16 10404
16 10246
16 10405
16 10255
16 10258
16 10398
16 10120
16 10406
16 10260
16 10376
16 10407
16 10408
16 10377
16 10027
16 10378
16 10130
16 10131
16 10409
17 10410
17 10411
17 10317
17 10383
17 10412
17 10413
17 10414
17 10415
17 10416
17 10417
17 10384
17 10290
17 10418
17 10090
17 10419
17 10154
17 10420
17 10421
17 10158
17 10422
17 10423
17 10387
17 10424
17 10425
17 10388
17 10166
17 10426
17 10427
17 10428
17 10429
17 10430
17 10431
17 10097
17 10432
18 10382
18 10433
18 10103
18 10434
18 10435
18 10436
18 10437
18 10438
18 10439
18 10440
18 10441
18 10442
18 10146
18 10443
18 10444
18 10445
18 10446
18 10447
18 10448
18 10449
18 10450
18 10154
18 10451
18 10452
18 10398
18 10159
18 10453
18 10454
18 10376
18 10455
18 10027
18 10456
19 10457
19 10458
19 10459
19 10460
19 10461
19 10462
19 10463
19 10464
19 10465
19 10466
19 10467
19 10468
19 10469
19 10470
19 10471
19 10472
19 10473
20 10474
20 10475
20 10476
20 10105
20 10107
20 10477
20 10478
20 10479
20 10048
20 10480
20 10481
20 10110
20 10482
20 10483
20 10484
20 10054
20 10236
20 10394
20 10057
20 10485
20 10486
20 10487
20 10116
20 10488
20 10059
20 10489
20 10490
20 10491
20 10492
20 10060
20 10493
20 10494
20 10062
20 10495
20 10496
20 10064
20 10497
20 10065
20 10498
20 10261
20 10499
20 10067
20 10068
20 10500
20 10501
20 10069
20 10502
20 10503
20 10071
21 10504
21 10505
21 10506
21 10507
21 10508
21 10509
21 10510
21 10511
21 10512
21 10513
21 10514
21 10036
21 10147
21 10515
21 10516
21 10517
21 10293
21 10518
21 10519
21 10520
21 10297
21 10521
21 10522
21 10120
21 10163
21 10523
21 10524
21 10312
21 10525
21 10526
21 10527
21 10528
21 10529
21 10530
21 10531
21 10532
21 10533
21 10171
22 10534
22 10535
22 10536
22 10537
22 10538
22 10539
22 10409
23 10540
23 10134
23 10541
23 10542
23 10543
23 10544
23 10545
23 10546
23 10547
23 10137
23 10548
23 10549
23 10140
23 10550
23 10551
23 10552
23 10142
23 10553
23 10145
23 10514
23 10036
23 10554
23 10555
23 10556
23 10557
23 10558
23 10559
23 10298
23 10560
23 10163
23 10561
23 10562
23 10563
23 10564
23 10167
23 10565
23 10566
23 10301
23 10567
23 10568
24 10098
24 10000
24 10569
24 10225
24 10101
24 10227
24 10570
24 10571
24 10401
24 10572
24 10050
24 10573
24 10574
24 10111
24 10234
24 10575
24 10576
24 10577
24 10578
24 10394
24 10242
24 10579
24 10580
24 10581
24 10251
24 10582
24 10405
24 10583
24 10019
24 10120
24 10584
24 10121
24 10585
24 10586
24 10587
24 10407
24 10408
24 10588
24 10027
24 10128
24 10589
24 10031
24 10590
24 10070
24 10591
24 10592
24 10593
25 10594
25 10302
25 10595
25 10596
25 10304
25 10597
25 10305
25 10308
25 10310
25 10598
25 10218
25 10599
26 10600
26 10317
26 10544
26 10601
26 10602
26 10435
26 10603
26 10604
26 10605
26 10606
26 10607
26 10597
26 10608
26 10206
26 10609
26 10610
26 10611
26 10310
26 10090
26 10612
26 10613
26 10614
26 10615
26 10616
26 10159
26 10388
26 10428
26 10617
26 10314
27 10273
27 10275
27 10276
27 10618
27 10619
27 10620
27 10321
27 10182
27 10289
27 10621
27 10038
27 10622
27 10299
27 10166
27 10095
27 10623
27 10624
27 10328
27 10625
27 10097
28 10626
28 10627
28 10628
28 10629
28 10630
28 10631
28 10519
28 10521
28 10522
28 10523
28 10525
28 10528
28 10632
28 10529
29 10035
29 10036
29 10037
29 10038
29 10039
29 10040
29 10041
29 10042
29 10043
29 10044
30 10002
30 10224
30 10633
30 10103
30 10400
30 10105
30 10401
30 10006
30 10234
30 10115
30 10242
30 10634
30 10243
30 10403
30 10370
30 10635
30 10246
30 10636
30 10405
30 10255
30 10374
30 10120
30 10406
30 10376
30 10637
30 10407
30 10638
30 10131
31 10035
31 10639
31 10640
31 10641
31 10642
31 10036
31 10643
31 10644
31 10645
31 10038
31 10039
31 10646
31 10631
31 10647
31 10648
31 10040
31 10649
31 10650
31 10651
31 10652
31 10653
31 10654
32 10655
32 10656
32 10657
32 10658
32 10659
32 10660
32 10048
32 10661
32 10662
32 10483
32 10053
32 10054
32 10663
32 10234
32 10664
32 10665
32 10666
32 10237
32 10667
32 10242
32 10668
32 10058
32 10669
32 10491
32 10494
32 10670
32 10671
32 10496
32 10672
32 10063
32 10255
32 10673
32 10674
32 10020
32 10675
32 10065
32 10676
32 10677
32 10678
32 10376
32 10679
32 10068
32 10680
32 10027
32 10681
32 10682
32 10683
32 10131
32 10071
32 10684
33 10685
33 10686
33 10641
33 10642
33 10036
33 10687
33 10688
33 10643
33 10689
33 10690
33 10039
33 10631
33 10691
33 10692
33 10693
33 10694
33 10652
33 10653
33 10695
33 10696
33 10697
33 10654
34 10698
34 10315
34 10275
34 10075
34 10276
34 10078
34 10699
34 10700
34 10175
34 10080
34 10701
34 10322
34 10702
34 10323
34 10325
34 10621
34 10086
34 10087
34 10091
34 10092
34 10703
34 10622
34 10120
34 10704
34 10705
34 10706
34 10707
34 10095
34 10708
34 10327
34 10300
34 10623
34 10624
34 10097
35 10709
35 10000
35 10710
35 10656
35 10711
35 10658
35 10712
35 10713
35 10714
35 10334
35 10715
35 10053
35 10716
35 10009
35 10717
35 10718
35 10013
35 10014
35 10016
35 10017
35 10719
35 10067
35 10720
35 10069
35 10721
35 10722
36 10381
36 10723
36 10724
36 10725
36 10726
36 10727
36 10728
36 10729
36 10730
36 10731
36 10732
36 10733
36 10383
36 10734
36 10735
36 10736
36 10737
36 10738
36 10739
36 10740
36 10741
36 10742
36 10743
36 10384
36 10744
36 10385
36 10745
36 10746
36 10747
36 10748
36 10749
36 10154
36 10750
36 10751
36 10752
36 10386
36 10158
36 10422
36 10387
36 10753
36 10425
36 10166
36 10754
36 10755
36 10756
36 10757
36 10758
36 10429
37 10759
37 10760
37 10761
37 10762
37 10763
37 10107
37 10764
37 10765
37 10482
37 10766
37 10767
37 10768
37 10769
37 10392
37 10770
37 10771
37 10772
37 10773
37 10116
37 10774
37 10775
37 10491
37 10776
37 10777
37 10062
37 10778
37 10779
37 10780
37 10781
37 10019
37 10782
37 10783
37 10784
37 10785
37 10786
37 10787
37 10788
38 10099
38 10656
38 10102
38 10789
38 10228
38 10790
38 10103
38 10105
38 10791
38 10107
38 10792
38 10108
38 10660
38 10110
38 10336
38 10111
38 10793
38 10053
38 10794
38 10113
38 10392
38 10393
38 10394
38 10115
38 10341
38 10058
38 10116
38 10370
38 10244
38 10795
38 10796
38 10777
38 10397
38 10372
38 10797
38 10798
38 10064
38 10065
38 10398
38 10120
38 10027
38 10069
38 10799
38 10131
39 10800
39 10222
39 10658
39 10224
39 10801
39 10228
39 10229
39 10802
39 10103
39 10105
39 10107
39 10803
39 10109
39 10231
39 10804
39 10482
39 10805
39 10806
39 10807
39 10808
39 10334
39 10233
39 10337
39 10055
39 10367
39 10809
39 10810
39 10811
39 10115
39 10812
39 10813
39 10058
39 10012
39 10244
39 10245
39 10246
39 10396
39 10777
39 10062
39 10781
39 10258
39 10259
39 10814
39 10815
39 10816
39 10067
39 10817
39 10818
39 10819
40 10098
40 10820
40 10099
40 10821
40 10100
40 10104
40 10822
40 10105
40 10108
40 10109
40 10823
40 10824
40 10825
40 10826
40 10336
40 10112
40 10827
40 10828
40 10392
40 10829
40 10830
40 10114
40 10831
40 10832
40 10370
40 10396
40 10117
40 10833
40 10118
40 10834
40 10122
40 10123
40 10125
40 10027
40 10127
40 10835
40 10836
41 10000
41 10837
41 10838
41 10839
41 10840
41 10841
41 10842
41 10843
41 10005
41 10844
41 10845
41 10846
41 10392
41 10847
41 10771
41 10242
41 10772
41 10848
41 10243
41 10775
41 10611
41 10849
41 10850
41 10851
41 10852
41 10853
41 10854
41 10031
41 10786
41 10855
42 10856
42 10857
42 10390
42 10802
42 10103
42 10105
42 10401
42 10661
42 10363
42 10482
42 10333
42 10858
42 10111
42 10233
42 10234
42 10366
42 10859
42 10860
42 10115
42 10813
42 10241
42 10242
42 10058
42 10635
42 10861
42 10862
42 10491
42 10777
42 10405
42 10797
42 10255
42 10781
42 10121
42 10816
42 10376
42 10407
42 10863
42 10378
42 10818
42 10864
42 10819
43 10223
43 10102
43 10228
43 10865
43 10103
43 10104
43 10822
43 10866
43 10867
43 10107
43 10868
43 10869
43 10870
43 10871
43 10661
43 10049
43 10109
43 10804
43 10482
43 10872
43 10873
43 10806
43 10333
43 10334
43 10112
43 10233
43 10337
43 10874
43 10875
43 10234
43 10055
43 10876
43 10877
43 10811
43 10115
43 10813
43 10878
43 10241
43 10058
43 10243
43 10244
43 10635
43 10879
43 10491
43 10246
43 10880
43 10248
43 10396
43 10062
43 10117
43 10881
43 10118
43 10258
43 10121
43 10882
43 10067
43 10883
43 10884
43 10788
43 10885
44 10709
44 10886
44 10887
44 10047
44 10888
44 10001
44 10889
44 10890
44 10891
44 10101
44 10102
44 10892
44 10762
44 10893
44 10107
44 10360
44 10894
44 10108
44 10231
44 10482
44 10824
44 10895
44 10896
44 10715
44 10111
44 10793
44 10053
44 10716
44 10897
44 10830
44 10898
44 10115
44 10812
44 10813
44 10899
44 10116
44 10900
44 10491
44 10062
44 10901
44 10797
44 10375
44 10124
44 10902
44 10903
44 10031
44 10904
44 10131
44 10788
44 10864
44 10905
44 10906
44 10907
44 10908
44 10909
44 10910
45 10911
45 10222
45 10912
45 10223
45 10913
45 10224
45 10914
45 10915
45 10390
45 10228
45 10802
45 10103
45 10105
45 10107
45 10868
45 10916
45 10917
45 10803
45 10918
45 10919
45 10661
45 10049
45 10109
45 10872
45 10806
45 10920
45 10921
45 10922
45 10923
45 10924
45 10233
45 10337
45 10874
45 10053
45 10925
45 10926
45 10055
45 10236
45 10927
45 10928
45 10811
45 10115
45 10241
45 10058
45 10243
45 10244
45 10929
45 10491
45 10246
45 10248
45 10396
45 10777
45 10062
45 10258
45 10259
45 10297
45 10398
45 10121
45 10816
45 10375
45 10261
45 10067
45 10930
45 10931
45 10932
45 10933
46 10934
46 10935
46 10936
46 10658
46 10801
46 10937
46 10892
46 10915
46 10938
46 10939
46 10940
46 10941
46 10367
46 10942
46 10943
46 10944
46 10945
46 10946
46 10376
46 10947
46 10378
46 10948
46 10949
46 10904
47 10658
47 10950
47 10865
47 10104
47 10822
47 10867
47 10869
47 10231
47 10951
47 10952
47 10953
47 10112
47 10954
47 10233
47 10053
47 10955
47 10876
47 10956
47 10877
47 10957
47 10880
47 10958
47 10959
47 10117
47 10881
47 10118
47 10960
47 10258
47 10407
47 10125
47 10961
47 10962
47 10963
47 10964
47 10885
48 10965
48 10098
48 10890
48 10102
48 10966
48 10892
48 10228
48 10822
48 10400
48 10867
48 10105
48 10401
48 10107
48 10360
48 10967
48 10231
48 10363
48 10951
48 10333
48 10968
48 10824
48 10969
48 10112
48 10970
48 10794
48 10234
48 10366
48 10971
48 10972
48 10242
48 10116
48 10973
48 10958
48 10117
48 10833
48 10118
48 10797
48 10407
48 10123
48 10125
48 10974
48 10027
48 10975
48 10976
48 10977
48 10864
48 10978
48 10979
48 10905
48 10980
48 10981
48 10982
48 10964
48 10908
48 10983
48 10885
48 10909
48 10984
48 10985
49 10986
49 10888
49 10912
49 10987
49 10658
49 10988
49 10801
49 10892
49 10989
49 10950
49 10990
49 10107
49 10660
49 10110
49 10991
49 10992
49 10715
49 10233
49 10053
49 10993
49 10994
49 10942
49 10115
49 10831
49 10995
49 10996
49 10943
49 10944
49 10997
49 10019
49 10020
49 10065
49 10376
49 10947
49 10998
49 10999
49 10864
49 10906
49 11000
49 11001
49 10907
49 10964
49 11002
49 10908
49 11003
49 10909
50 11004
50 11005
50 10000
50 10710
50 11006
50 11007
50 11008
50 10711
50 10658
50 11009
50 11010
50 11011
50 10808
50 11012
50 11013
50 11014
50 11015
50 11016
50 10014
50 10017
50 11017
50 10256
50 10258
50 10025
50 10262
50 10028
50 11018
50 10909
51 10986
51 11019
51 10656
51 10890
51 10987
51 10658
51 11020
51 10801
51 10865
51 11021
51 11022
51 10969
51 10715
51 10053
51 11023
51 11024
51 11025
51 11026
51 11027
51 10405
51 11028
51 10375
51 10025
51 10947
51 10722
51 11029
51 11030
51 11001
51 11031
51 10908
52 11032
52 10987
52 10658
52 10101
52 10102
52 10892
52 11033
52 11034
52 11035
52 11036
52 11037
52 10108
52 10660
52 11038
52 10482
52 10920
52 10483
52 11011
52 10896
52 10715
52 10336
52 10793
52 10113
52 11039
52 11040
52 11041
52 10927
52 11042
52 10115
52 11043
52 10116
52 10900
52 10246
52 11044
52 10397
52 11045
52 10252
52 10020
52 10027
52 10998
52 10799
52 10903
52 10031
52 10131
52 11046
52 10788
52 11047
52 11048
52 10864
52 11049
52 11000
52 10964
52 11050
52 11002
52 10908
52 10983
52 11051
52 10984
52 10985
52 11052
53 10228
53 10107
53 10049
53 10804
53 10055
53 10393
53 10244
53 10062
53 10252
53 10375
53 10067
53 10407
53 10069
53 10981
53 10819
53 11053
54 11054
54 11055
54 10857
54 11056
54 11019
54 10966
54 10950
54 11057
54 10107
54 11058
54 11059
54 10812
54 10813
54 10861
54 10862
54 11060
54 11061
54 10963
54 10977
54 11062
54 11003
54 11063
54 11064
54 11065
55 11066
55 10857
55 11056
55 11019
55 10223
55 10966
55 10950
55 11067
55 10103
55 10105
55 10231
55 10366
55 11059
55 11068
55 10811
55 10813
55 10403
55 10861
55 10862
55 11061
55 10376
55 10128
55 11069
55 10977
55 11062
55 11001
55 10819
55 11003
56 11070
56 10987
56 10658
56 10801
56 11071
56 11072
56 10969
56 10715
56 11073
56 11074
56 11075
56 11076
56 11077
56 10998
56 11078
56 11079
56 10908
56 11051
57 10965
57 11080
57 10887
57 11081
57 10912
57 10987
57 11082
57 11083
57 10658
57 10101
57 10102
57 10801
57 10892
57 10476
57 11084
57 10967
57 10108
57 10482
57 10715
57 11085
57 10115
57 10812
57 10813
57 10901
57 10947
57 10124
57 10031
57 10788
57 11086
57 11079
57 11087
57 10964
57 10908
57 11051
57 10984
57 11088
57 11089
57 11090
57 11091
57 11092
58 10098
58 10857
58 10001
58 11093
58 10890
58 10892
58 10950
58 10228
58 11057
58 10108
58 10363
58 10793
58 10053
58 10113
58 10366
58 11094
58 11059
58 10058
58 10244
58 10861
58 11095
58 10777
58 10372
58 10065
58 11060
58 10067
58 11061
58 10027
58 10128
58 10069
58 10131
58 10864
58 11096
58 10909
58 11097
58 11098
58 11099
59 11004
59 10857
59 11056
59 10950
59 11100
59 11101
59 10053
59 11059
59 11102
59 11103
59 10861
59 10862
59 11104
59 11060
59 11061
59 11003
60 11105
60 11106
60 11107
60 11032
60 11004
60 11108
60 11109
60 10229
60 11110
60 10105
60 11111
60 10231
60 11112
60 10112
60 11113
60 11114
60 10244
60 10252
60 11115
60 11116
60 11117
60 11118
60 10963
60 11119
60 11120
60 11089
60 11092
61 10098
61 11121
61 10656
61 11122
61 11123
61 11124
61 11125
61 11126
61 10228
61 10400
61 10572
61 11127
61 11128
61 11129
61 11130
61 11131
61 11132
61 11133
61 11134
61 10578
61 11135
61 11136
61 11137
61 10496
61 10797
61 10583
61 10584
61 11138
61 10067
61 10864
61 11139
61 10905
61 11140
61 11002
61 10908
61 11141
61 11052
61 11142
62 10098
62 11066
62 11056
62 10890
62 11109
62 11143
62 10892
62 11057
62 11100
62 10108
62 10824
62 10113
62 11144
62 11094
62 10942
62 10860
62 11059
62 10115
62 10972
62 10861
62 10862
62 10019
62 10120
62 11145
62 11060
62 11146
62 10863
62 10027
62 10128
62 10031
62 10033
62 11147
62 11148
62 11149
62 10978
62 11150
62 10906
62 11001
62 11151
62 11152
62 11153
62 11154
62 11089
62 11155
62 11092
62 11156
62 11157
62 11158
62 11159
62 11160
63 11161
63 11162
63 11163
63 10310
63 11164
63 11165
63 11166
63 11167
63 11168
63 11169
63 11170
64 11056
64 11171
64 10890
64 11143
64 11057
64 11172
64 11100
64 10108
64 11173
64 11174
64 10872
64 11175
64 11144
64 11094
64 11176
64 11177
64 10115
64 10972
64 11178
64 10861
64 10862
64 11179
64 10120
64 11180
64 11145
64 11060
64 11181
64 10128
64 10221
64 11148
64 11153
65 10857
65 11056
65 10223
65 10966
65 10228
65 10229
65 11067
65 11182
65 10105
65 10868
65 11183
65 10231
65 10234
65 11184
65 11059
65 10403
65 10396
65 10121
65 11185
65 10375
65 10067
65 11069
65 11062
65 10819
65 11053
65 11186
66 10098
66 10223
66 10801
66 10229
66 11187
66 10105
66 10918
66 10231
66 10482
66 11188
66 11189
66 11190
66 10053
66 11191
66 10115
66 10972
66 10634
66 10012
66 10062
66 11076
66 10814
66 11192
66 11193
66 10265
66 10904
66 10788
66 10908
66 11088
66 11194
66 11195
66 11092
66 11196
66 11197
66 11198
67 11107
67 11199
67 11200
67 11201
67 11202
67 11203
67 11204
67 11205
67 10105
67 11011
67 10111
67 10233
67 10234
67 10366
67 11206
67 11207
67 11208
67 11114
67 10813
67 10241
67 10242
67 10861
67 11209
67 10252
67 10797
67 11185
67 10375
67 11210
67 11211
67 11212
67 10503
67 11086
67 11062
67 10819
67 11213
67 11214
67 11215
67 11216
67 11217
67 11218
67 11219
67 11220
67 11186
67 11221
67 11222
67 11092
67 11223
67 11224
68 11066
68 10857
68 11056
68 11225
68 11226
68 11227
68 11100
68 11228
68 11229
68 11230
68 10052
68 11058
68 10403
68 11231
68 11232
68 11060
68 10031
68 11233
68 10906
68 11234
68 11235
68 11236
68 11237
68 11089
68 11238
68 11239
68 11240
68 11241
68 11155
68 11242
68 11156
68 11243
68 11065
68 11244
68 11245
68 11246
68 11198
68 11247
68 11248
68 11249
68 11250
68 11251
68 11252
68 11253
69 11106
69 10890
69 11254
69 11255
69 11256
69 10713
69 10228
69 11257
69 10104
69 10822
69 11258
69 11259
69 10867
69 10791
69 11260
69 10231
69 11261
69 10334
69 10112
69 10507
69 11262
69 11263
69 10053
69 11264
69 11265
69 11266
69 11267
69 11268
69 11269
69 11270
69 11271
69 10246
69 10880
69 10248
69 11272
69 11273
69 10833
69 10118
69 11274
69 11275
69 10065
69 10122
69 10125
69 10127
69 10129
69 10069
69 10033
69 11276
69 10864
69 10905
69 10981
69 11277
69 11278
69 11279
69 11280
69 11281
69 10885
69 11282
69 11283
69 11284
69 11285
69 11092
69 11242
69 11286
69 11287
69 11288
69 11289
69 11290
69 11291
69 11252
69 11292
70 11293
70 11294
70 11295
70 11296
70 11297
70 10862
70 11298
70 11299
70 11300
70 11301
70 11302
70 11303
70 10721
70 11304
70 11305
70 11306
70 11001
70 11307
70 11003
70 11308
70 11309
70 11064
70 11310
70 11311
70 11312
70 11313
70 11314
70 11315
71 10857
71 10656
71 11143
71 10950
71 10228
71 10108
71 10233
71 10053
71 10113
71 10366
71 10236
71 11144
71 11094
71 11059
71 10242
71 10058
71 10244
71 10861
71 11095
71 10777
71 10372
71 10405
71 10065
71 10406
71 11060
71 10067
71 11061
71 10027
71 10128
71 10069
71 11148
71 11096
71 11151
71 11152
71 11153
71 11097
71 11098
71 11099
71 11316
71 11286
71 11317
71 11318
72 11107
72 11319
72 11320
72 10709
72 10912
72 11321
72 10102
72 10966
72 10802
72 10105
72 10107
72 11322
72 10868
72 11323
72 10918
72 10231
72 10804
72 10806
72 11324
72 10111
72 10053
72 10055
72 11114
72 10403
72 10244
72 11325
72 10062
72 10252
72 11326
72 10067
72 11327
72 11115
72 10131
72 10864
72 11328
72 10906
72 11062
72 10981
72 11329
72 10819
72 11330
72 11331
72 11332
72 11333
72 11334
72 11335
72 11186
72 11222
73 10390
73 11336
73 10713
73 10105
73 11337
73 10954
73 11338
73 11059
73 10831
73 10813
73 10370
73 10067
73 11192
73 10265
73 11339
73 11340
73 11341
73 11342
73 10981
73 11343
73 11344
73 11153
73 11345
73 11186
73 11222
73 11346
73 11092
73 11312
73 11347
73 11348
73 11349
73 11350
73 11351
73 11198
73 11352
73 11353
73 11354
73 11355
73 11356
73 11357
73 11358
73 11359
73 11360
73 11361
73 11362
73 11363
73 11364
73 11365
74 11107
74 11319
74 11366
74 11367
74 10102
74 11368
74 10918
74 11369
74 11370
74 10334
74 10969
74 10111
74 10053
74 11371
74 11372
74 11013
74 11373
74 10370
74 11325
74 11374
74 10252
74 10067
74 11375
74 10835
74 11376
74 11062
74 10907
74 11377
74 11378
74 11379
74 11380
74 11381
74 11382
74 11383
74 11246
74 11289
74 11384
74 11385
75 10986
75 10935
75 11386
75 11387
75 11388
75 10111
75 11389
75 11390
75 11391
75 11392
75 11393
75 11394
75 11395
75 11396
75 11163
75 11397
75 11398
75 11399
75 11062
75 11400
75 11401
75 11402
75 11403
75 11404
75 11168
75 11092
75 11405
75 11406
75 11407
75 11408
75 11409
75 11410
75 11411
75 11412
75 11413
75 11414
75 11415
75 11416
75 11417
75 11418
75 11419
75 11420
75 11421
75 11422
75 11423
75 11424
75 11425
75 11426
75 11427
75 11428
76 11429
76 10857
76 11225
76 11226
76 10105
76 10967
76 11100
76 11228
76 10052
76 11430
76 11058
76 11232
76 11150
76 11431
76 11234
76 11235
76 11432
76 11433
76 11242
76 11312
76 11434
76 11065
76 11197
76 11435
76 11436
76 11437
76 11250
76 11438
76 11253
76 11439
76 11440
76 11441
76 11442
76 11443
76 11444
76 11445
77 11446
77 11447
77 11122
77 11125
77 10570
77 11448
77 11449
77 11450
77 11451
77 11452
77 11453
77 11454
77 11455
77 11456
77 10583
77 10781
77 10584
77 11457
77 10407
77 11458
77 11459
77 11460
77 11461
77 11462
77 11463
77 11464
77 11092
77 11465
77 11250
77 11253
77 11442
78 10935
78 11388
78 10577
78 11392
78 11466
78 10305
78 11467
78 11468
78 10611
78 10212
78 11469
78 11470
78 11400
78 11471
78 11472
78 11168
78 11406
78 11408
78 11250
78 11473
78 11411
78 11420
78 11474
78 11475
78 11422
78 11424
78 11253
78 11476
78 11477
78 11478
78 11479
79 11480
79 11481
79 11482
79 11483
79 11484
80 11485
80 11486
80 11487
80 11488
80 11489
80 11490
80 11491
81 11492
81 11486
81 11493
81 11490
81 11494
81 11495
81 11496
82 11497
82 11498
82 11486
82 11499
82 11489
82 11500
82 11501
82 11502
82 11503
82 11504
82 11495
83 11505
83 11506
83 11507
83 11508
83 11509
83 11510
83 11511
83 11512
83 11513
83 11514
83 11515
83 11516
84 11517
84 11518
84 11519
84 11520
84 11521
84 11522
84 11523
84 11524
84 11525
85 11526
85 11527
85 11528
85 11529
85 11530
85 11489
85 11531
85 11532
85 11533
85 11534
85 11535
85 11536
85 11537
86 11485
86 11526
86 11498
86 11538
86 11486
86 11487
86 11530
86 11539
86 11540
86 11541
86 11542
86 11543
86 11544
86 11488
86 11489
86 11545
86 11532
86 11546
86 11534
86 11547
86 11490
86 11548
86 11512
86 11549
86 11495
86 11550
86 11551
86 11491
86 11552
87 11553
87 11554
87 11485
87 11555
87 11556
87 11557
87 11558
87 11559
87 11560
87 11528
87 11529
87 11561
87 11487
87 11562
87 11530
87 11563
87 11564
87 11565
87 11566
87 11567
87 11568
87 11489
87 11569
87 11531
87 11570
87 11532
87 11546
87 11571
87 11572
87 11573
87 11574
87 11535
87 11575
87 11576
87 11577
87 11578
87 11579
87 11580
87 11550
87 11536
87 11581
87 11582
87 11537
87 11583
88 11584
88 11526
88 11585
88 11497
88 11527
88 11586
88 11587
88 11588
88 11559
88 11589
88 11590
88 11591
88 11592
88 11487
88 11563
88 11593
88 11594
88 11595
88 11569
88 11532
88 11596
88 11597
88 11598
88 11512
88 11599
88 11550
88 11536
88 11600
88 11537
88 11601
88 11516
88 11602
89 11603
89 11604
89 11605
89 11606
89 11607
89 11608
89 11609
89 11610
89 11611
89 11612
89 11613
89 11614
90 11615
90 11486
90 11493
90 11616
90 11617
90 11494
90 11495
90 11496
90 11552
91 11485
91 11615
91 11486
91 11487
91 11616
91 11617
91 11495
91 11496
91 11552
92 11618
92 11619
92 11620
92 11621
92 11622
92 11623
92 11624
92 11625
92 11626
92 11627
92 11628
92 11629
92 11630
92 11631
92 11632
92 11633
92 11634
92 11635
92 11636
92 11637
92 11638
92 11639
92 11640
92 11641
92 11642
92 11643
92 11644
92 11645
93 11646
93 11647
93 11648
93 11649
93 11650
93 11651
93 11652
93 11589
93 11653
93 11654
93 11655
93 11609
93 11656
93 11657
93 11658
93 11659
93 11660
93 11661
93 11662
93 11663
93 11664
93 11574
93 11665
93 11576
93 11666
93 11667
93 11668
93 11669
93 11582
93 11670
94 11671
94 11672
94 11673
94 11674
94 11675
94 11676
94 11677
94 11678
94 11679
94 11680
94 11681
94 11682
94 11683
95 11684
95 11505
95 11685
95 11686
95 11687
95 11688
95 11689
95 11690
95 11691
95 11692
95 11693
95 11694
95 11695
95 11696
95 11697
95 11698
95 11699
95 11700
95 11701
95 11702
95 11703
95 11704
95 11499
95 11705
95 11507
95 11706
95 11509
95 11707
95 11510
95 11511
95 11708
95 11709
95 11516
96 11603
96 11710
96 11604
96 11605
96 11711
96 11712
96 11713
96 11606
96 11714
96 11715
96 11607
96 11608
96 11589
96 11716
96 11717
96 11609
96 11610
96 11611
96 11718
96 11719
96 11612
96 11613
96 11720
96 11721
96 11722
96 11601
96 11614
96 11516
97 11723
97 11724
97 11725
97 11726
97 11727
97 11728
97 11729
97 11730
97 11731
97 11732
97 11733
97 11734
97 11735
97 11736
97 11737
97 11738
97 11739
97 11740
97 11741
97 11742
97 11743
97 11744
97 11745
97 11746
97 11747
97 11748
97 11749
98 11750
98 11517
98 11519
98 11609
98 11487
98 11523
98 11751
98 11504
98 11752
98 11525
99 11605
99 11753
99 11607
99 11754
99 11755
99 11756
100 11757
100 11758
100 11759
100 11760
100 11761
100 11762
100 11763
100 11764
100 11765
101 11766
101 11767
101 11768
101 11769
101 11770
102 11771
102 11772
102 11480
102 11773
102 11774
102 11775
102 11776
102 11777
102 11778
102 11779
102 11780
102 11781
102 11782
102 11783
102 11784
103 11603
103 11604
103 11605
103 11785
103 11713
103 11606
103 11786
103 11607
103 11608
103 11589
103 11610
103 11611
103 11612
103 11613
103 11721
103 11787
103 11755
103 11756
104 11788
104 11789
104 11790
104 11791
104 11589
104 11792
104 11793
104 11794
104 11795
104 11796
104 11797
104 11798
104 11799
104 11504
104 11800
104 11801
104 11802
104 11803
105 11804
105 11805
105 11689
105 11806
105 11807
105 11808
105 11809
105 11810
105 11811
106 11812
106 11813
106 11814
106 11815
106 11816
106 11817
106 11818
106 11819
106 11820
106 11821
106 11822
106 11783
106 11823
106 11824
106 11825
106 11754
107 11715
107 11826
107 11827
107 11502
107 11828
107 11829
108 11830
108 11831
108 11832
108 11833
108 11834
108 11835
108 11836
108 11837
108 11838
108 11839
108 11840
108 11841
108 11842
108 11843
109 11844
109 11830
109 11831
109 11845
109 11832
109 11846
109 11833
109 11834
109 11835
109 11836
109 11847
109 11848
109 11837
109 11849
109 11839
109 11850
109 11851
109 11840
109 11852
109 11853
109 11854
109 11855
109 11856
109 11842
109 11843
109 11857
109 11858
109 11859
109 11860
110 11861
110 11589
110 11862
110 11609
110 11718
110 11863
110 11803
110 11755
110 11864
110 11829
110 11865
111 11866
111 11867
111 11868
111 11869
112 11826
112 11827
112 11870
112 11871
112 11828
112 11872
112 11829
113 11873
113 11480
113 11874
113 11875
113 11776
113 11876
113 11877
113 11878
113 11879
114 11880
115 11881
116 11882
116 11883
116 11884
116 11885
116 11886
116 11887
116 11888
116 11889
116 11890
116 11891
116 11892
116 11893
116 11894
116 11895
116 11896
116 11897
116 11898
116 11899
116 11900
116 11803
116 11901
116 11902
116 11903
116 11904
117 11905
117 11480
117 11774
117 11776
117 11778
117 11906
117 11780
117 11907
117 11908
117 11909
118 11480
118 11774
118 11589
118 11881
118 11776
118 11778
118 11779
118 11780
118 11782
118 11504
118 11907
118 11910
118 11909
119 11911
119 11912
119 11913
119 11914
119 11915
119 11916
119 11917
119 11918
119 11919
119 11920
119 11921
119 11922
119 11923
119 11924
119 11925
119 11926
120 11480
120 11927
120 11928
120 11929
120 11930
120 11931
120 11932
120 11933
120 11934
120 11935
120 11936
121 11937
121 11882
121 11938
121 11861
121 11939
121 11940
121 11941
121 11589
121 11942
121 11912
121 11943
121 11944
121 11945
121 11946
121 11947
121 11948
121 11949
121 11950
121 11951
121 11952
121 11953
121 11954
121 11955
121 11803
121 11956
121 11957
121 11958
121 11959
122 11960
122 11941
122 11961
122 11589
122 11962
122 11963
122 11609
122 11964
122 11965
122 11966
122 11504
122 11552
122 11967
122 11968
122 11969
122 11970
122 11755
122 11971
122 11972
122 11973
122 11974
122 11975
122 11976
122 11977
122 11978
122 11979
122 11980
122 11981
122 11982
122 11983
122 11984
123 11985
123 11986
124 11987
124 11988
124 11989
124 11990
124 11991
124 11992
124 11993
124 11994
124 11995
124 11996
125 11997
125 11998
125 11999
125 12000
125 11589
125 12001
125 12002
125 12003
125 12004
125 11507
125 11509
125 12005
125 12006
125 11808
125 12007
125 11503
125 12008
125 12009
125 11516
125 12010
125 12011
125 12012
125 12013
125 11829
125 12014
125 12015
125 11984
126 12016
126 11605
126 12017
126 11607
126 11816
126 11717
126 11611
126 12018
126 11613
126 11721
126 12019
126 12020
126 11755
126 11756
126 12021
127 12022
127 12023
127 12024
127 12025
127 12026
127 12027
127 12028
127 12029
127 12030
127 12031
127 11749
127 12032
127 12033
127 11864
127 12034
127 12035
127 12036
127 12037
127 12038
127 12039
127 12040
127 12041
127 12042
127 12043
127 12044
127 12045
127 12046
127 12047
128 12048
128 12049
128 12050
128 12051
128 12052
129 12053
129 12054
129 12055
129 12056
129 12057
129 12058
129 12059
129 12060
129 12061
129 12062
129 12063
129 12064
129 12065
129 12066
130 11727
130 12067
130 12068
130 12069
130 12070
130 12071
130 12072
130 12073
130 12074
130 12075
130 12076
130 12077
130 12078
130 11864
130 12079
130 12046
131 12080
131 12081
131 12082
131 12083
132 12084
132 12049
132 12085
132 12050
133 12086
133 12087
133 12088
133 12089
133 12090
133 12091
133 12048
133 12049
133 12092
133 12052
134 12093
134 12094
134 12086
134 11589
134 12095
134 12096
134 12097
134 12098
134 12099
135 12093
135 11646
135 11488
135 12100
135 11490
135 12101
135 12102
135 12103
135 12104
135 11974
135 12105
136 12106
136 12107
136 12108
136 12109
136 12110
136 12111
136 12112
136 12113
136 12114
136 12115
136 12116
136 12117
136 12118
136 12119
136 12120
136 11993
136 11994
136 12121
136 12122
136 12123
136 11996
136 12124
136 12125
136 12126
136 12127
136 12128
137 12129
137 12130
137 12131
137 12132
137 12133
137 12134
137 11962
137 12135
137 12136
137 12137
137 12138
137 11971
137 12139
137 12140
137 12141
137 11979
137 12142
137 12143
137 12144
137 12145
137 12146
137 12147
137 12148
137 12149
137 12150
137 12151
137 12152
137 12153
137 12154
138 12155
138 11727
138 12067
138 12156
138 12069
138 12070
138 12157
138 12158
138 12071
138 12072
138 12159
138 12073
138 12160
138 12161
138 12074
138 12162
138 12163
138 12075
138 12164
138 12076
138 12077
138 12165
138 12166
138 12078
138 11864
138 12167
138 12168
138 12169
138 12170
138 12171
138 12079
138 12172
138 12173
138 12174
138 12175
138 12176
138 12177
138 12178
138 12179
138 12180
139 12181
139 12182
139 12183
139 12184
139 12185
139 12186
139 12187
139 12188
139 12189
139 12190
139 12191
139 12192
139 12193
139 12194
139 12195
139 12196
139 12197
139 12198
140 12199
140 12200
140 12201
140 12202
140 12203
140 12204
140 12205
140 12206
140 12207
140 12208
140 12209
140 12210
140 12211
140 12186
140 12212
140 12213
140 12214
140 12215
140 12216
140 12217
140 12218
140 12219
140 12220
140 12221
140 12222
140 12223
140 12224
140 12225
140 12226
140 12227
140 12228
140 12229
141 12201
141 12230
141 12202
141 12231
141 12232
141 12233
141 12234
141 12235
141 12236
141 12237
141 12238
141 12239
141 12240
141 12241
141 12242
141 12192
141 12243
141 12244
141 12195
141 12245
141 12246
142 12247
142 12248
142 12249
142 12250
143 12248
144 12231
144 12234
144 12251
144 12235
144 12252
144 12253
144 12236
144 12238
144 12239
144 12240
144 12254
144 12190
144 12255
144 12256
144 12257
144 12242
144 12192
144 12258
144 12243
144 12259
144 12260
144 12261
144 12262
144 12195
144 12245
144 12263
144 12264
144 12265
144 12266
144 12246
144 12267
144 12268
145 12269
145 12270
145 12271
145 12272
145 12273
145 12274
145 12275
145 12276
145 12277
145 12278
145 12279
146 12280
146 12281
146 12201
146 12282
146 12283
146 12284
146 12285
146 12286
146 12186
146 12235
146 12213
146 12220
146 12192
146 12287
147 12288
147 12289
147 12290
147 12291
147 12292
147 12293
147 12294
147 12295
147 12296
147 12297
147 12298
147 12299
147 12300
147 12301
147 12302
148 12303
148 12304
148 12305
148 12306
148 12307
148 12308
148 12309
148 12310
148 12311
148 12312
149 12269
149 12270
149 12271
149 12273
149 12274
149 12313
149 12277
149 12279
149 12314
149 12315
149 12316
149 12317
149 12318
150 12319
150 12320
150 12321
150 12322
150 12323
150 12248
150 12324
150 12325
150 12326
150 12327
150 12328
151 12329
151 12330
151 12331
151 12332
151 12333
151 12334
151 12335
151 12336
151 12337
151 12338
151 12339
151 12340
151 12341
151 12342
152 12343
152 12344
152 12345
152 12346
152 12347
152 12333
152 12348
152 12349
152 12350
152 12351
152 12352
152 12353
152 12192
152 12354
152 12355
152 12356
152 12357
152 12339
152 12358
152 12359
152 12342
152 12360
153 12247
153 12361
153 12248
153 12249
153 12250
154 12362
154 12361
154 12248
154 12324
154 12249
154 12328
155 12363
155 12323
155 12364
155 12365
155 12326
156 12366
156 12367
156 12368
156 12369
156 12370
156 12371
156 12372
156 12373
156 12374
156 12375
156 12376
156 12377
156 12378
156 12379
156 12380
156 12381
156 12382
157 12383
157 12384
157 12385
157 12386
157 12387
157 12388
157 12378
157 12389
157 12390
157 12391
157 12392
157 12393
158 12394
158 12395
158 12396
158 12397
158 12398
158 12370
158 12399
158 12400
158 12401
158 12402
158 12403
158 12404
158 12405
158 12406
158 12407
158 12408
158 12409
158 12386
158 12410
158 12411
158 12412
158 12413
158 12378
158 12414
158 12415
158 12416
158 12381
158 12417
158 12418
158 12391
158 12419
158 12420
159 12421
159 12422
159 12423
159 12424
159 12425
159 12426
159 12427
159 12428
159 12429
159 12430
159 12431
159 12432
159 12433
159 12434
159 12435
159 12257
159 12436
159 12437
159 12438
159 12439
159 12440
159 12441
159 12442
159 12443
159 12444
159 12445
160 12366
160 12446
160 12236
160 12239
160 12447
160 12258
160 12448
160 12449
160 12195
160 12245
160 12265
160 12450
161 12200
161 12451
161 12201
161 12205
161 12206
161 12452
161 12453
161 12207
161 12454
161 12235
161 12455
161 12456
161 12457
161 12458
161 12216
161 12238
161 12218
161 12220
161 12221
161 12192
161 12459
161 12226
161 12245
161 12460
161 12198
162 12461
162 12371
162 12462
162 12252
162 10438
162 12463
162 12464
162 12465
162 12378
162 12466
162 12380
162 12381
162 12245
163 12252
163 12236
163 12467
163 12239
163 12254
163 12242
163 12192
163 12244
163 12195
163 12245
163 12267
163 12468
164 12469
164 12470
164 12471
164 12472
164 12473
164 12474
164 12475
164 12476
164 12477
164 12478
164 12479
164 12480
164 12481
164 12482
164 12483
164 12484
164 12485
164 12486
164 12487
164 12488
164 12489
164 12490
164 12491
164 12492
164 12493
164 12494
164 12495
164 12496
164 12497
164 12498
164 12499
164 12500
164 12501
164 12502
164 12503
165 12201
165 12202
165 12235
165 12237
165 12239
165 12241
165 12242
165 12192
165 12244
165 12194
165 12259
165 12195
165 12245
166 12504
166 12505
166 12506
166 12507
166 11532
166 12508
166 12509
166 12510
166 12511
166 12512
166 12513
167 12514
167 12181
167 12515
167 12201
167 12230
167 12202
167 12203
167 12452
167 12453
167 12231
167 12516
167 12232
167 12233
167 12517
167 12234
167 12518
167 12519
167 12235
167 12520
167 12253
167 12236
167 12521
167 12237
167 12238
167 12239
167 12522
167 12218
167 12240
167 12220
167 12255
167 12376
167 10450
167 12242
167 12192
167 12258
167 12223
167 12243
167 12224
167 12244
167 12194
167 12259
167 12262
167 12381
167 12195
167 12245
167 12263
167 12523
167 12287
167 12227
167 12196
167 12524
167 12246
167 12525
167 12198
168 12526
168 12527
168 12528
168 12405
168 12529
168 12530
168 12531
168 12532
168 12378
168 12533
168 12534
168 12417
168 12535
168 12536
168 12537
168 12538
168 12391
168 12539
169 12506
169 12540
169 11532
169 12541
169 12512
170 12542
170 12543
170 12544
170 12545
170 12546
170 12547
170 12548
170 10451
170 12549
170 12550
170 12551
170 12552
171 12553
171 12554
171 12555
171 12556
171 12557
171 12451
171 12558
171 12201
171 12230
171 12203
171 12559
171 12560
171 12232
171 12233
171 12519
171 12235
171 12561
171 12562
171 12520
171 12563
171 12564
171 12565
171 12189
171 12566
171 12237
171 12238
171 12240
171 12567
171 12568
171 12569
171 12241
171 12570
171 12571
171 12192
171 12244
171 12572
171 12573
171 12194
171 12574
171 12195
171 12575
171 12576
171 12577
171 12578
171 12523
171 12579
171 12524
171 12580
171 12581
171 12582
172 12583
172 12319
172 12277
172 12584
172 12512
172 12585
172 12586
172 12587
172 12588
172 12589
173 12344
173 12590
173 12333
173 12348
173 12350
173 12352
173 12358
173 12342
174 12201
174 12453
174 12518
174 12186
174 12235
174 12591
174 12592
174 12593
174 12218
174 12190
174 12594
174 12192
174 12224
174 12245
174 12287
174 12595
174 12596
174 12198
175 12597
175 12598
175 12599
175 12600
175 12601
175 11516
176 12602
176 12363
176 12603
176 12604
176 12605
176 12606
176 12607
176 12608
176 12609
176 12610
176 12611
176 12612
176 12613
176 12588
177 12614
177 12615
177 12616
177 12617
177 12425
177 12234
177 12618
177 12446
177 12431
177 12619
177 12620
177 12433
177 12621
177 12622
177 12435
177 12623
177 12257
177 12624
177 12625
177 12438
177 12439
177 12626
177 12627
177 12628
177 12629
178 12630
178 12631
178 12632
178 12633
178 12190
178 12256
178 12594
178 12634
178 12635
178 12261
178 12245
178 12636
178 12595
179 12597
179 12637
179 12598
179 12599
179 12600
179 12638
179 12512
179 12639
179 12601
179 12640
179 12326
180 12641
180 12642
180 12643
180 12528
180 12644
180 12345
180 12645
180 12646
180 12647
180 12648
180 12649
180 12650
180 12534
180 12651
180 12652
180 12653
181 12200
181 12654
181 12205
181 12655
181 12207
181 12210
181 12186
181 12235
181 12591
181 12656
181 12252
181 12456
181 12239
181 12221
181 12657
181 12226
181 12658
181 12596
181 12198
182 12363
182 12507
182 12638
182 12510
182 12659
182 12511
182 12660
182 12512
182 12661
182 12326
182 12662
183 12663
183 12597
183 12637
183 12598
183 12599
183 12664
183 12665
183 12666
183 12639
183 12667
183 12601
183 12668
183 12669
183 12327
184 12306
184 12323
184 12670
184 12671
185 12504
185 12540
185 11531
185 12638
185 12508
185 12326
186 12329
186 12331
186 12348
186 12350
186 12351
186 12337
186 12354
186 12356
186 12339
186 12358
186 12342
186 12360
187 12319
187 11489
187 12322
187 12638
187 12672
187 12673
187 12326
187 12327
188 12319
188 12322
188 12323
188 12674
188 12673
188 12326
188 12327
189 12675
189 12676
189 12677
189 12678
189 12679
189 12680
189 12681
189 12682
189 12683
189 12684
189 12685
189 12686
189 12687
190 12688
190 12231
190 12425
190 12618
190 12236
190 12689
190 12690
190 12691
190 12246
191 12319
191 11532
191 12638
191 12508
191 12510
191 12660
191 12512
191 12326
191 11550
192 12692
192 12693
192 12694
192 12371
192 12644
192 12647
192 12531
192 12695
192 12696
192 12534
193 12697
193 12363
193 11532
193 12508
193 12541
193 12698
193 12585
193 12699
193 12662
193 12700
193 12701
194 12702
194 12555
194 12703
194 12557
194 12201
194 12203
194 12704
194 12705
194 12706
194 12559
194 12707
194 12232
194 12233
194 12708
194 12709
194 12234
194 12519
194 12710
194 12711
194 12712
194 12186
194 12235
194 12562
194 12187
194 12563
194 12713
194 12714
194 12715
194 12593
194 12432
194 12716
194 12717
194 12718
194 12238
194 12567
194 12719
194 12720
194 12568
194 12570
194 12571
194 12721
194 12191
194 12192
194 12572
194 12195
194 12575
194 12722
194 12578
194 12579
194 12723
194 12580
194 12724
194 12725
194 12198
195 12280
195 12514
195 12726
195 12727
195 12284
195 12285
195 12517
195 12235
195 12728
195 12729
195 12730
195 12238
195 12731
195 12732
195 12241
195 12192
195 12733
195 12225
195 12194
195 12734
195 12735
195 12195
195 12736
195 12198
196 12514
196 12737
196 12738
196 12739
196 12740
196 12741
196 12742
196 12201
196 12706
196 12559
196 12453
196 12232
196 12186
196 12235
196 12591
196 12743
196 12744
196 12745
196 12432
196 12238
196 12218
196 12241
196 12222
196 12192
196 12287
196 12392
196 12746
196 12747
196 12748
197 12749
197 12750
197 12741
197 12742
197 12201
197 12204
197 12205
197 12206
197 12559
197 12453
197 12209
197 12210
197 12185
197 12186
197 12591
197 12743
197 12744
197 12751
197 12216
197 12219
197 12221
197 12190
197 12241
197 12376
197 12594
197 12243
197 12752
197 12226
197 12287
197 12753
197 12754
197 12595
197 12229
198 12280
198 12514
198 12755
198 12739
198 12756
198 12284
198 12285
198 12286
198 12186
198 12235
198 12213
198 12220
198 12192
198 12287
198 12392
198 12747
199 12737
199 12757
199 12555
199 12758
199 12556
199 12558
199 12201
199 12230
199 12704
199 12706
199 12559
199 12560
199 12232
199 12233
199 12708
199 12517
199 12185
199 12710
199 12186
199 12759
199 12235
199 12591
199 12656
199 12561
199 12562
199 12187
199 12520
199 12563
199 12713
199 12565
199 12593
199 12432
199 12717
199 12189
199 12566
199 12760
199 12238
199 12567
199 10745
199 12568
199 12569
199 12241
199 12570
199 12571
199 12192
199 12572
199 12573
199 12194
199 12761
199 12195
199 12575
199 12762
199 12576
199 12577
199 12578
199 12579
199 12524
199 12723
199 12580
199 12581
199 12763
199 12764
199 12198
200 12755
200 12739
200 12726
200 12749
200 12765
200 12766
200 12767
200 12768
200 12769
200 12204
200 12205
200 12207
200 12770
200 12186
200 12235
200 12220
200 12221
200 12192
200 12771
200 12287
200 12392
200 12725
200 12772
200 12229
201 12773
201 12774
201 12775
201 12706
201 12776
201 12760
201 12777
201 12194
201 12778
201 12779
201 12780
201 12781
202 12514
202 12702
202 12737
202 12740
202 12741
202 12782
202 12201
202 12202
202 12706
202 12783
202 12559
202 12784
202 12453
202 12785
202 12232
202 12233
202 12234
202 12519
202 12786
202 12787
202 12186
202 12235
202 12788
202 12743
202 12744
202 12213
202 12789
202 12215
202 12790
202 12432
202 12791
202 12238
202 12239
202 12545
202 12218
202 12792
202 12190
202 12594
202 12191
202 12192
202 12733
202 12793
202 12794
202 12194
202 12795
202 12195
202 12796
202 12523
202 12797
202 12287
202 12798
202 12595
202 12764
202 12799
202 12198
203 12280
203 12755
203 12738
203 12555
203 12742
203 12201
203 12756
203 12284
203 12706
203 12285
203 12559
203 12286
203 12453
203 12232
203 12186
203 12235
203 12591
203 12432
203 12238
203 12220
203 12192
203 12800
203 12801
203 12287
203 12802
203 12803
203 12772
203 12804
204 12805
204 12806
204 12807
204 12808
204 12809
204 12810
204 12811
204 12812
205 12813
205 12814
205 12815
205 12816
205 12817
205 12818
205 12819
205 12820
205 12821
205 12822
205 12823
205 12824
205 12825
205 12826
205 12827
205 12828
205 12829
205 12830
205 12831
205 12832
206 12833
206 12514
206 12834
206 12740
206 12835
206 12558
206 12201
206 12836
206 12202
206 12706
206 12559
206 12453
206 12837
206 12208
206 12838
206 12233
206 12234
206 12518
206 12185
206 12186
206 12235
206 12591
206 12743
206 12213
206 12751
206 12187
206 12839
206 12592
206 12840
206 12593
206 12791
206 12216
206 12521
206 12238
206 12218
206 12190
206 12255
206 12841
206 12241
206 12594
206 12192
206 12733
206 12243
206 12224
206 12194
206 12195
206 12287
206 12228
206 12798
206 12595
206 12596
206 12842
206 12198
207 12843
207 12844
207 12757
207 12845
207 12846
207 12847
207 12848
207 12542
207 12849
207 12850
207 12851
207 12852
207 12543
207 12853
207 12854
207 12855
207 12856
207 12857
207 12858
207 12859
207 12860
207 12861
207 12862
207 12863
207 12864
207 12865
207 12866
207 12867
207 12868
207 12869
207 12870
207 12871
207 12872
207 12873
207 12874
207 12875
207 12876
207 12546
207 12877
207 10451
207 12878
207 12879
207 12549
207 12880
207 12881
207 12882
207 12550
207 12883
207 12884
207 12885
207 12886
207 12887
207 12888
207 12551
207 12889
207 12552
207 12890
207 12891
207 12892
207 12893
207 12894
207 12895
207 12896
208 12280
208 12514
208 12702
208 12755
208 12739
208 12726
208 12897
208 12741
208 12742
208 12201
208 12756
208 12727
208 12284
208 12706
208 12898
208 12285
208 12286
208 12233
208 12517
208 11528
208 12186
208 12235
208 12591
208 12213
208 12899
208 12900
208 12432
208 12238
208 12240
208 12719
208 12220
208 12594
208 12191
208 12192
208 12800
208 12901
208 12550
208 12722
208 12245
208 12902
208 12287
208 12392
208 12903
208 12246
208 12725
208 12747
208 12904
208 12772
208 12198
209 12702
209 12905
209 12906
209 12617
209 12907
209 12183
209 12908
209 12184
209 12185
209 12909
209 12744
209 12520
209 12910
209 12911
209 12593
209 12912
209 12913
209 12914
209 12915
209 12192
209 12573
209 12194
209 12734
209 12735
209 12916
209 12195
209 12196
209 12197
209 12917
210 12918
210 12726
210 12181
210 12740
210 12727
210 12202
210 12284
210 12285
210 12919
210 12235
210 12920
210 12744
210 12921
210 12922
210 12593
210 12923
210 12239
210 12731
210 12924
210 12567
210 12241
210 12925
210 12242
210 12192
210 12733
210 12225
210 12194
210 12735
210 12195
210 12926
210 12197
210 12927
210 12928
210 12929
210 12930
211 12813
211 12931
211 12932
211 12933
211 12934
211 12935
211 12936
211 12937
211 12192
211 12938
211 12939
211 12197
211 12940
211 12941
212 12942
212 12943
212 12737
212 12944
212 12945
212 12749
212 12834
212 12740
212 12946
212 12947
212 12200
212 12948
212 12949
212 12706
212 12205
212 12783
212 12206
212 12453
212 12209
212 12950
212 12210
212 12186
212 12951
212 12213
212 12839
212 12745
212 12952
212 12953
212 12954
212 12955
212 12956
212 12219
212 12220
212 12957
212 12221
212 12377
212 12594
212 12243
212 12958
212 12959
212 12228
212 12595
212 12960
212 12961
213 12702
213 12782
213 12183
213 12962
213 12184
213 12425
213 12909
213 12963
213 12964
213 12191
213 12192
213 12194
213 12734
213 12965
213 12196
213 12197
213 12966
213 12104
213 12967
213 12968
214 12906
214 12969
214 12183
214 12970
214 12971
215 12833
215 12972
215 12973
215 12740
215 12974
215 12758
215 12975
215 12706
215 12366
215 12976
215 12560
215 12977
215 12232
215 12233
215 12186
215 12978
215 12979
215 12187
215 12520
215 12840
215 12980
215 12446
215 12236
215 12593
215 12432
215 12238
215 12447
215 12981
215 12257
215 12258
215 12761
215 12448
215 12449
215 12245
215 12982
215 12983
215 12763
215 12984
215 12985
215 12986
215 12987
215 12988
215 12989
215 12450
215 12990
216 12906
216 12907
216 12520
216 12912
216 12915
216 12573
216 12194
216 12916
216 12991
217 12702
217 12834
217 12740
217 12992
217 12993
217 12994
217 12201
217 12706
217 12783
217 12206
217 12995
217 12518
217 12186
217 12591
217 12744
217 12213
217 12996
217 12593
217 12432
217 12216
217 12238
217 12545
217 12719
217 12241
217 12191
217 12733
217 12794
217 12243
217 12287
217 12798
217 12842
217 12997
217 12998
217 12999
217 13000
217 13001
217 12987
217 13002
217 13003
217 13004
217 12198
217 13005
217 13006
218 12702
218 12740
218 12783
218 12186
218 12213
218 12715
218 12791
218 12190
218 12191
218 12192
218 12733
218 12796
218 12523
218 12287
218 12798
218 12595
218 12596
218 13007
218 13008
218 13009
218 12764
218 12198
219 12755
219 12726
219 12749
219 12765
219 12742
219 12767
219 13010
219 12204
219 12205
219 12207
219 12770
219 12186
219 12235
219 12545
219 12220
219 12221
219 12192
219 12771
219 12287
219 12227
219 13011
219 12725
219 13012
219 12764
219 12772
219 12229
219 13013
219 13003
219 13006
219 13014
220 12553
220 12555
220 12740
220 12758
220 12556
220 12558
220 12201
220 12230
220 13015
220 12704
220 12706
220 12559
220 12452
220 12560
220 13016
220 13017
220 12232
220 12233
220 12708
220 12995
220 12185
220 12186
220 12591
220 12561
220 12187
220 12520
220 12563
220 13018
220 12713
220 12593
220 12432
220 12717
220 13019
220 12189
220 12566
220 12238
220 12870
220 12567
220 12981
220 12568
220 12569
220 12241
220 13020
220 12571
220 12192
220 12244
220 12572
220 12573
220 12195
220 12575
220 12576
220 12577
220 12578
220 12579
220 12196
220 12524
220 12723
220 12580
220 12581
220 12747
220 12763
220 12764
220 13000
220 13021
220 13022
220 12986
220 12987
220 13023
220 13024
220 13025
220 13026
220 13027
221 13028
221 13029
221 13030
221 12974
221 13031
221 12518
221 13032
221 13033
221 13034
221 13035
221 13036
221 13037
221 13038
221 13039
221 13040
221 13041
222 12555
222 12740
222 13042
222 12742
222 12993
222 12758
222 12558
222 12201
222 12230
222 13015
222 12559
222 12560
222 13017
222 12233
222 12186
222 12235
222 13043
222 13044
222 12213
222 12187
222 12563
222 12593
222 12432
222 12717
222 12566
222 12238
222 12567
222 12981
222 12569
222 12241
222 13020
222 12571
222 12594
222 12192
222 12572
222 12761
222 12576
222 12578
222 12287
222 12579
222 12524
222 12723
222 12580
222 12581
222 12747
222 12891
222 12764
222 13045
222 13046
222 13047
222 13048
222 12986
222 12987
222 13049
222 13023
222 13050
222 13025
222 13051
222 13052
223 13053
223 13054
223 13055
223 13056
223 13057
223 13058
223 13059
223 13060
223 13061
223 13062
223 12606
223 13063
223 13064
223 12607
223 13065
223 13066
223 13067
223 12778
223 12613
223 13068
223 13069
223 13070
223 13071
223 13072
224 12833
224 13073
224 12757
224 13074
224 13075
224 12758
224 12705
224 12208
224 12213
224 13076
224 12592
224 13032
224 13019
224 13077
224 13078
224 13079
224 13080
224 13081
224 12721
224 13082
224 12682
224 13083
224 13084
224 13085
224 13086
224 13087
224 13088
224 13089
224 13090
224 13091
224 13092
224 13093
224 13094
224 13095
224 13096
224 13097
224 13098
224 13099
224 13100
224 13101
224 13102
225 12972
225 13103
225 13104
225 12749
225 13105
225 13106
225 12765
225 13107
225 12758
225 12654
225 12705
225 13108
225 13109
225 13110
225 12207
225 12432
225 12216
225 12720
225 13111
225 12594
225 13112
225 13113
225 12959
225 13114
225 13091
225 13115
225 13116
225 13047
225 13117
225 13094
225 12986
225 13118
226 13119
226 12739
226 13105
226 12897
226 13120
226 12742
226 12767
226 12947
226 12949
226 12220
226 12957
226 12959
226 12392
226 12904
226 13121
226 12764
226 13122
226 13123
226 13124
226 13003
226 13125
226 13006
226 13126
226 13127
226 13128
226 13129
227 13029
227 13130
227 12766
227 12993
227 12758
227 13131
227 12186
227 13044
227 12789
227 13132
227 12187
227 12563
227 12432
227 12566
227 12238
227 12569
227 13020
227 12192
227 12572
227 12761
227 13133
227 12580
227 12891
227 12764
227 13046
227 13036
227 12986
227 12987
227 13134
227 13025
227 13051
227 13135
227 13136
227 13137
227 13138
228 12280
228 12755
228 12742
228 12201
228 13139
228 12284
228 12706
228 12285
228 12837
228 12838
228 11528
228 12235
228 12839
228 13140
228 13141
228 12432
228 12216
228 12240
228 12220
228 12190
228 12841
228 12256
228 12594
228 12243
228 13142
228 12550
228 12228
228 12246
228 12596
228 12904
228 13143
228 13125
228 13006
229 13144
229 13145
229 13146
229 13147
229 13148
229 13149
229 13150
229 10419
229 13151
229 13152
229 13153
229 13154
229 13155
229 13156
229 13157
229 13158
229 13159
229 13160
229 13161
229 13162
229 13163
229 13164
229 13165
229 13166
229 13167
229 13168
230 12280
230 12755
230 13169
230 12834
230 12813
230 12740
230 13042
230 12782
230 12993
230 12994
230 13170
230 12756
230 12284
230 12285
230 12919
230 12710
230 12186
230 12187
230 12593
230 12192
230 12801
230 12523
230 13013
230 13171
230 13172
230 13173
230 13006
230 11983
230 13135
230 13174
230 13175
230 13128
230 13176
230 13177
230 13178
230 13179
230 13180
230 13181
230 13182
231 13183
231 13184
231 13185
231 13186
231 13187
231 13188
231 13189
231 13190
231 13191
231 13192
231 13193
231 13194
231 13195
231 13196
231 13197
231 13198
231 13199
231 13200
231 13201
231 13202
231 13203
231 13204
231 13205
231 13206
231 13207
231 13208
231 13209
231 13210
231 13211
231 13212
231 13213
231 13214
231 13215
231 13216
231 13217
231 13218
231 13219
231 13220
231 13221
231 13222
232 13223
232 13224
232 13225
232 12783
232 13226
232 12559
232 12995
232 12186
232 12213
232 12789
232 13227
232 13228
232 13229
232 13230
232 13231
232 13232
232 13233
232 13234
232 13021
232 13023
232 13004
232 13235
232 13006
232 13135
232 13027
232 13236
232 13237
232 13238
233 13239
233 13146
233 13240
233 12072
233 13241
233 13242
233 13243
233 13244
233 13157
233 13245
233 13162
233 13246
233 13247
233 13248
233 13249
233 13250
233 13251
234 13252
234 13253
234 12813
234 13254
234 13255
234 13256
234 13257
234 13258
234 13259
234 13260
234 13261
234 13033
234 13262
234 13150
234 13263
234 13264
234 13265
234 13266
234 13267
234 13268
234 13269
234 13270
234 13271
234 13272
234 13273
234 13274
234 13275
234 13276
234 13277
234 13278
234 13279
234 13280
234 13281
234 13282
234 13283
234 13284
234 13285
234 13286
234 13287
234 13288
234 13289
234 13290
234 13291
234 13292
234 13293
234 13294
234 13219
234 13295
234 13296
234 13297
234 13298
234 13299
234 13300
234 13301
234 13302
234 13303
234 13304
235 12181
235 13305
235 12813
235 13080
235 12194
235 13012
235 13306
235 13307
235 13308
235 13309
235 13310
235 13311
235 13312
235 13313
236 12813
236 13314
236 13315
236 13316
236 13317
236 13318
236 13319
236 12357
236 13320
236 13321
236 13322
236 13323
236 13324
236 13325
236 13326
236 13327
236 13328
236 13329
237 12813
237 12184
237 12909
237 12194
237 13330
237 13307
237 13331
237 13332
237 13333
237 13309
237 13334
237 13310
237 13312
237 13313
238 13335
238 13305
238 12813
238 12186
238 12744
238 13336
238 12593
238 13337
238 12594
238 13338
238 13339
238 13340
238 12595
238 13306
238 13341
238 13134
238 13342
238 13343
238 13344
238 13285
238 11983
238 13345
238 13346
238 13347
238 13348
238 13349
238 13350
238 13219
238 13181
238 13351
238 13352
239 13353
239 12737
239 13354
239 13355
239 12938
239 13356
239 13091
239 13357
239 13358
239 12986
239 13004
239 13134
239 13359
239 13360
239 13361
239 13362
239 13363
239 13364
239 13365
239 13366
239 13367
239 13368
239 13369
239 13370
239 13371
239 13138
239 13372
239 13373
240 13374
240 13375
240 13376
240 13377
240 13378
240 13076
240 13379
240 13019
240 13380
240 12682
240 13381
241 13382
241 13383
241 13384
241 13385
241 13386
241 13387
241 13388
241 13389
241 13390
241 13391
241 13392
241 13393
241 13394
241 13395
241 13396
241 13397
241 13398
241 13399
241 13400
241 13401
241 13402
241 13403
242 13404
242 13405
242 13406
242 13407
242 13408
242 13409
242 13410
242 13411
242 13412
242 13413
242 13414
242 13415
242 13416
242 13417
242 13418
242 13419
242 13420
242 13421
243 13422
243 13423
243 13424
243 13425
243 13426
243 13427
243 13428
243 13429
243 13430
243 13418
243 13431
243 13432
244 13433
244 13434
244 13435
244 13436
244 13437
244 13438
244 13439
245 13440
245 13441
245 13442
245 13443
245 13444
245 13445
245 13446
245 13447
245 13448
245 13449
245 13450
245 13451
245 13452
245 13453
245 13454
245 13455
246 13456
246 13457
246 13458
246 13459
246 13460
246 13461
246 13462
246 13463
246 13464
246 13465
246 13466
246 13467
246 13468
246 13469
246 13470
246 13471
246 13472
246 13473
247 13474
247 13475
247 13476
247 13477
247 13478
247 13479
247 13480
247 13481
247 13482
247 13483
247 13484
247 13485
247 13486
247 13487
247 13488
247 13489
247 13490
247 13491
247 13492
247 13493
247 13494
247 13495
247 13496
247 13497
247 13498
247 13499
247 13500
247 13501
247 13502
247 13503
247 13504
247 13505
247 13506
247 13507
247 13508
247 13509
248 13510
248 13511
248 13512
248 13513
248 13514
248 13515
248 13516
248 13517
248 13518
248 13519
248 13520
249 13521
249 13433
249 13522
249 13435
249 13436
249 13523
249 13524
249 13525
249 13526
249 13438
249 13527
249 13528
249 13529
249 13530
250 13531
250 13532
250 13533
250 13534
250 13535
250 13536
250 13537
250 13538
250 13539
250 13540
250 13541
250 13542
250 13543
250 13544
250 13545
250 13546
251 13547
251 13548
252 13549
252 13550
252 13551
252 13385
252 13552
252 13553
252 13554
252 13555
252 13556
252 13557
252 13558
252 13559
252 13560
252 13561
252 13562
252 13563
252 13564
252 13565
252 13566
252 13567
252 13568
252 13569
252 13570
252 13571
252 13572
252 13573
252 13574
252 13575
252 13576
252 13577
252 13578
252 13579
252 13580
252 13581
252 13582
252 13583
252 13584
252 13585
252 13586
253 13587
254 13588
254 13589
255 13590
255 13591
255 13592
256 13593
257 13594
257 13595
257 13596
257 13597
257 13598
257 13599
257 13600
257 13601
257 13602
257 13603
257 13604
258 13605
258 13606
258 13607
258 13608
258 13609
258 13610
258 13611
258 13612
258 13613
258 13614
258 13615
258 13616
259 13617
259 11648
259 13618
259 13619
259 13620
259 13621
259 13622
259 13623
259 13624
259 13625
259 13626
259 13627
259 13628
259 13629
259 13630
259 13631
260 13059
260 13632
260 13061
260 12778
260 13633
261 13634
261 13635
261 13636
261 13637
261 13638
261 13639
261 13640
261 13641
261 13642
261 13643
261 10386
261 12778
261 13644
261 13645
261 13646
262 13647
262 13648
262 13649
262 13650
262 13651
262 12976
262 13639
262 13652
262 13061
262 12979
262 13063
262 13653
262 13654
262 12607
262 12608
262 13655
262 13656
262 13657
262 13658
262 12778
262 13659
262 13645
262 13660
262 13661
262 13662
262 13663
262 13212
262 13664
263 12775
263 13665
263 13639
263 13645
263 13666
263 13667
263 13668
263 13669
263 13670
263 13671
263 13672
264 12775
264 13639
264 13673
264 13061
264 13674
264 12778
264 13645
264 12588
264 13675
264 13676
264 13677
264 13678
264 13679
264 13680
264 13681
264 13682
264 13683
264 13684
264 13685
264 13686
264 13687
264 13672
264 13688
264 13689
264 13690
264 13691
265 13692
265 13693
265 13651
265 13059
265 13060
265 13694
265 13695
265 13062
265 12606
265 13696
265 12778
265 13697
265 13660
265 13677
265 13678
265 13698
265 13699
265 13700
265 13701
265 13702
265 13703
265 13704
265 13705
266 13692
266 13706
266 13707
266 12778
266 13645
266 13708
266 13709
266 13710
266 13711
266 13712
266 13704
266 13713
266 13714
267 13639
267 13061
267 13658
267 12778
267 13660
267 13677
267 13661
267 13715
268 13639
268 13716
268 13717
268 12607
268 12778
268 13645
268 13718
268 13719
268 13688
268 13720
268 13704
268 13721
268 13715
269 13722
269 13723
269 13724
269 13725
269 12778
269 13726
269 13645
269 13727
