0 10000
0 10001
0 10002
0 10003
0 10004
0 10005
0 10006
0 10007
0 10008
0 10009
0 10010
0 10011
1 10002
1 10012
1 10013
1 10014
1 10015
1 10016
1 10017
1 10018
1 10019
1 10020
1 10021
1 10022
2 10023
2 10024
2 10025
2 10003
2 10026
2 10004
2 10010
2 10027
2 10028
2 10029
3 10004
3 10004
3 10030
3 10031
3 10032
3 10008
3 10033
3 10010
3 10034
3 10035
4 10002
4 10001
4 10004
4 10003
4 10004
4 10014
4 10036
4 10007
4 10010
4 10011
4 10037
5 10038
5 10039
5 10013
5 10040
5 10041
5 10017
5 10042
5 10043
5 10044
5 10030
5 10045
5 10046
5 10022
6 10013
6 10047
6 10004
6 10030
6 10048
6 10049
6 10033
6 10050
7 10051
7 10052
7 10013
7 10014
7 10016
7 10017
7 10053
7 10054
7 10008
7 10022
7 10055
8 10052
8 10023
8 10004
8 10003
8 10004
8 10056
8 10013
8 10057
8 10008
8 10037
9 10058
9 10059
9 10013
9 10060
9 10030
9 10014
9 10049
9 10017
9 10033
9 10061
9 10022
10 10062
10 10063
10 10014
10 10064
10 10065
10 10017
10 10010
10 10066
10 10022
10 10055
10 10067
11 10068
11 10013
11 10004
11 10017
11 10069
11 10007
11 10070
11 10071
11 10030
11 10014
11 10072
11 10033
11 10022
12 10023
12 10004
12 10073
12 10004
12 10013
12 10032
12 10074
12 10075
12 10008
12 10037
13 10023
13 10004
13 10076
13 10004
13 10014
13 10077
13 10036
13 10007
13 10078
13 10010
14 10079
14 10080
14 10013
14 10016
14 10017
14 10081
14 10002
14 10043
14 10012
14 10030
14 10014
14 10082
14 10022
15 10003
15 10004
15 10013
15 10056
15 10057
15 10007
15 10036
15 10008
15 10037
15 10011
16 10083
16 10001
16 10004
16 10004
16 10076
16 10014
16 10036
16 10054
16 10078
16 10010
17 10080
17 10084
17 10016
17 10017
17 10085
17 10081
17 10086
17 10002
17 10012
17 10043
17 10014
17 10022
17 10010
18 10087
18 10088
18 10032
18 10017
18 10089
18 10028
18 10042
18 10043
18 10090
18 10030
18 10045
18 10022
18 10010
19 10091
19 10092
19 10004
19 10093
19 10094
19 10095
19 10096
19 10036
19 10097
19 10010
20 10098
20 10099
20 10100
20 10004
20 10057
20 10036
20 10078
20 10010
20 10029
21 10086
21 10012
21 10014
21 10101
21 10017
21 10102
21 10103
21 10104
21 10022
21 10010
21 10105
22 10003
22 10013
22 10076
22 10004
22 10106
22 10005
22 10009
22 10107
22 10067
23 10108
23 10080
23 10013
23 10084
23 10017
23 10054
23 10078
23 10081
23 10002
23 10086
23 10012
23 10014
23 10022
24 10083
24 10023
24 10004
24 10003
24 10013
24 10004
24 10014
24 10109
24 10110
24 10029
25 10079
25 10003
25 10111
25 10013
25 10030
25 10112
25 10113
25 10114
25 10115
25 10116
25 10117
26 10118
26 10004
26 10030
26 10005
26 10116
26 10119
26 10010
27 10120
27 10121
27 10013
27 10004
27 10059
27 10030
27 10007
27 10033
27 10122
28 10108
28 10123
28 10124
28 10013
28 10125
28 10015
28 10017
28 10019
28 10126
28 10022
28 10055
28 10105
29 10012
29 10127
29 10004
29 10014
29 10015
29 10016
29 10017
29 10019
29 10078
29 10021
29 10022
29 10010
30 10083
30 10001
30 10025
30 10003
30 10004
30 10036
30 10078
30 10010
30 10037
30 10011
31 10058
31 10128
31 10013
31 10014
31 10015
31 10129
31 10130
31 10017
31 10019
31 10008
31 10022
32 10131
32 10023
32 10004
32 10057
32 10132
32 10133
32 10010
32 10134
32 10011
32 10028
33 10135
33 10136
33 10013
33 10014
33 10015
33 10137
33 10016
33 10017
33 10138
33 10019
33 10022
34 10099
34 10004
34 10139
34 10140
34 10004
34 10013
34 10059
34 10112
34 10033
34 10122
34 10034
35 10141
35 10001
35 10003
35 10026
35 10004
35 10036
35 10142
35 10008
35 10010
35 10143
36 10144
36 10079
36 10145
36 10146
36 10043
36 10014
36 10030
36 10017
36 10147
36 10148
36 10010
36 10022
37 10023
37 10004
37 10003
37 10026
37 10004
37 10149
37 10005
37 10150
37 10151
37 10152
37 10029
38 10004
38 10001
38 10003
38 10004
38 10056
38 10014
38 10153
38 10015
38 10078
38 10010
39 10024
39 10004
39 10001
39 10003
39 10026
39 10004
39 10014
39 10154
39 10010
39 10029
40 10000
40 10001
40 10003
40 10076
40 10056
40 10004
40 10014
40 10015
40 10007
40 10010
41 10023
41 10004
41 10056
41 10004
41 10149
41 10155
41 10005
41 10151
41 10156
41 10010
41 10029
42 10083
42 10004
42 10001
42 10003
42 10004
42 10014
42 10017
42 10078
42 10022
42 10010
42 10029
42 10157
43 10004
43 10003
43 10158
43 10026
43 10004
43 10013
43 10036
43 10159
43 10037
43 10029
44 10002
44 10001
44 10056
44 10004
44 10014
44 10160
44 10036
44 10078
44 10010
44 10161
44 10011
45 10023
45 10002
45 10004
45 10026
45 10056
45 10004
45 10014
45 10078
45 10036
45 10010
45 10037
46 10162
46 10163
46 10004
46 10106
46 10164
46 10036
46 10034
46 10010
46 10165
46 10029
47 10052
47 10002
47 10003
47 10004
47 10057
47 10036
47 10159
47 10010
47 10037
48 10083
48 10003
48 10076
48 10004
48 10014
48 10078
48 10159
48 10166
48 10010
48 10029
49 10002
49 10003
49 10004
49 10056
49 10014
49 10106
49 10032
49 10036
49 10078
49 10007
49 10010
50 10002
50 10167
50 10003
50 10013
50 10004
50 10168
50 10014
50 10160
50 10006
50 10008
50 10169
51 10002
51 10003
51 10004
51 10170
51 10006
51 10171
51 10036
51 10007
51 10010
51 10165
51 10011
52 10086
52 10002
52 10004
52 10172
52 10014
52 10036
52 10007
52 10078
52 10010
52 10011
52 10161
53 10173
53 10002
53 10003
53 10026
53 10004
53 10174
53 10036
53 10175
53 10010
53 10011
53 10029
54 10176
54 10001
54 10003
54 10004
54 10036
54 10010
54 10029
54 10011
54 10037
55 10177
55 10002
55 10001
55 10003
55 10004
55 10056
55 10014
55 10078
55 10010
55 10011
55 10037
56 10001
56 10002
56 10178
56 10179
56 10004
56 10154
56 10152
56 10036
56 10010
56 10134
56 10037
57 10180
57 10003
57 10004
57 10106
57 10036
57 10008
57 10010
57 10011
58 10001
58 10176
58 10003
58 10056
58 10004
58 10014
58 10078
58 10010
58 10029
58 10037
59 10002
59 10003
59 10181
59 10004
59 10182
59 10183
59 10036
59 10010
59 10011
59 10029
59 10037
60 10052
60 10177
60 10023
60 10001
60 10003
60 10004
60 10184
60 10036
60 10010
60 10037
61 10162
61 10023
61 10003
61 10004
61 10185
61 10017
61 10109
61 10008
61 10033
61 10010
61 10022
61 10037
62 10004
62 10003
62 10004
62 10014
62 10017
62 10007
62 10186
62 10022
62 10010
62 10029
62 10037
62 10011
63 10051
63 10187
63 10013
63 10030
63 10188
63 10189
63 10112
63 10190
63 10191
63 10033
64 10004
64 10003
64 10004
64 10014
64 10015
64 10192
64 10078
64 10010
64 10029
64 10037
65 10001
65 10003
65 10004
65 10014
65 10193
65 10036
65 10078
65 10010
65 10037
65 10011
66 10194
66 10001
66 10002
66 10003
66 10004
66 10014
66 10036
66 10007
66 10008
66 10010
66 10169
67 10023
67 10083
67 10003
67 10004
67 10014
67 10195
67 10078
67 10175
67 10010
67 10037
68 10196
68 10197
68 10003
68 10004
68 10198
68 10199
68 10143
68 10200
68 10010
68 10029
68 10201
69 10001
69 10003
69 10004
69 10014
69 10202
69 10159
69 10010
69 10029
69 10011
69 10037
70 10004
70 10006
70 10203
70 10010
70 10029
70 10011
71 10004
71 10003
71 10158
71 10004
71 10013
71 10056
71 10017
71 10008
71 10022
71 10029
71 10037
71 10011
72 10204
72 10001
72 10004
72 10003
72 10026
72 10004
72 10014
72 10017
72 10022
72 10010
72 10037
72 10029
73 10023
73 10004
73 10003
73 10205
73 10004
73 10014
73 10154
73 10017
73 10078
73 10022
73 10010
73 10037
74 10180
74 10001
74 10003
74 10043
74 10004
74 10057
74 10017
74 10010
74 10011
75 10052
75 10206
75 10207
75 10158
75 10043
75 10208
75 10209
75 10017
75 10116
75 10010
75 10055
76 10000
76 10003
76 10004
76 10017
76 10198
76 10009
76 10008
76 10199
76 10022
76 10010
76 10200
76 10029
77 10083
77 10004
77 10003
77 10210
77 10211
77 10004
77 10212
77 10109
77 10213
77 10010
78 10108
78 10043
78 10013
78 10214
78 10014
78 10017
78 10215
78 10055
79 10216
79 10217
79 10218
79 10013
79 10219
79 10220
79 10221
79 10095
79 10222
79 10223
80 10224
80 10225
80 10013
80 10226
80 10227
80 10094
80 10228
80 10229
80 10230
80 10231
81 10232
81 10233
81 10013
81 10234
81 10219
81 10235
81 10094
81 10236
81 10237
81 10238
81 10239
82 10232
82 10013
82 10234
82 10219
82 10235
82 10240
82 10241
82 10239
82 10242
82 10243
82 10244
83 10232
83 10245
83 10246
83 10247
83 10013
83 10219
83 10094
83 10248
83 10249
83 10237
83 10250
84 10251
84 10013
84 10219
84 10252
84 10253
84 10254
84 10191
84 10255
84 10256
84 10257
84 10258
85 10259
85 10042
85 10260
85 10261
85 10013
85 10234
85 10262
85 10094
85 10017
85 10263
85 10159
85 10264
86 10265
86 10266
86 10267
86 10013
86 10234
86 10219
86 10268
86 10094
86 10229
86 10269
86 10270
87 10042
87 10246
87 10260
87 10013
87 10234
87 10271
87 10272
87 10017
87 10264
87 10273
87 10274
88 10013
88 10275
88 10219
88 10094
88 10276
88 10277
88 10278
88 10279
88 10122
88 10280
88 10169
89 10281
89 10282
89 10013
89 10283
89 10284
89 10285
89 10219
89 10286
89 10287
89 10288
90 10232
90 10265
90 10013
90 10234
90 10219
90 10289
90 10235
90 10236
90 10238
90 10239
90 10244
91 10267
91 10233
91 10013
91 10234
91 10219
91 10235
91 10094
91 10229
91 10237
91 10241
91 10239
92 10290
92 10013
92 10291
92 10220
92 10262
92 10219
92 10191
92 10292
92 10293
92 10294
93 10232
93 10246
93 10295
93 10296
93 10013
93 10234
93 10219
93 10264
93 10239
93 10297
94 10298
94 10299
94 10300
94 10013
94 10301
94 10219
94 10302
94 10303
94 10304
94 10305
94 10306
95 10307
95 10013
95 10219
95 10094
95 10308
95 10309
95 10256
95 10239
95 10310
95 10243
95 10311
96 10312
96 10282
96 10013
96 10313
96 10285
96 10219
96 10239
96 10311
96 10287
96 10288
96 10244
97 10314
97 10315
97 10042
97 10013
97 10316
97 10317
97 10318
97 10048
97 10319
97 10017
97 10320
98 10245
98 10321
98 10013
98 10322
98 10219
98 10262
98 10094
98 10309
98 10256
98 10239
98 10323
99 10013
99 10324
99 10219
99 10325
99 10326
100 10327
100 10108
100 10328
100 10013
100 10032
100 10017
100 10329
100 10244
100 10330
100 10318
100 10320
100 10022
100 10294
101 10331
101 10043
101 10013
101 10332
101 10333
101 10334
101 10335
101 10113
101 10336
101 10337
101 10017
101 10338
102 10339
102 10246
102 10013
102 10340
102 10289
102 10219
102 10341
102 10309
102 10342
102 10343
102 10244
103 10339
103 10013
103 10284
103 10324
103 10344
103 10219
103 10345
103 10325
103 10326
103 10310
104 10346
104 10347
104 10348
104 10013
104 10349
104 10071
104 10350
104 10289
104 10351
104 10352
104 10353
104 10244
105 10354
105 10355
105 10013
105 10356
105 10357
105 10219
105 10220
105 10358
105 10240
105 10237
105 10244
106 10359
106 10360
106 10013
106 10219
106 10361
106 10362
106 10363
106 10309
106 10255
106 10364
107 10365
107 10354
107 10013
107 10366
107 10219
107 10240
107 10242
107 10367
107 10368
107 10311
108 10013
108 10356
108 10369
108 10370
108 10309
108 10371
108 10372
108 10244
109 10339
109 10373
109 10374
109 10013
109 10356
109 10219
109 10375
109 10376
109 10372
109 10169
109 10244
110 10042
110 10377
110 10013
110 10378
110 10379
110 10094
110 10380
110 10017
110 10381
110 10382
110 10383
110 10384
111 10013
111 10219
111 10220
111 10385
111 10363
111 10223
111 10386
111 10242
111 10387
111 10244
111 10288
112 10354
112 10013
112 10388
112 10219
112 10240
112 10368
112 10244
112 10311
113 10217
113 10389
113 10390
113 10301
113 10013
113 10220
113 10219
113 10386
113 10223
113 10391
113 10364
113 10387
114 10246
114 10282
114 10013
114 10284
114 10219
114 10094
114 10392
114 10393
114 10394
115 10246
115 10395
115 10013
115 10284
115 10219
115 10340
115 10289
115 10236
115 10309
115 10342
115 10244
116 10396
116 10397
116 10398
116 10399
116 10013
116 10219
116 10400
116 10401
116 10402
116 10403
116 10244
117 10339
117 10321
117 10013
117 10340
117 10219
117 10220
117 10404
117 10236
117 10309
117 10405
118 10339
118 10265
118 10013
118 10289
118 10219
118 10340
118 10236
118 10309
118 10342
118 10122
118 10244
119 10321
119 10406
119 10407
119 10300
119 10013
119 10219
119 10276
119 10191
119 10242
119 10323
120 10216
120 10002
120 10013
120 10219
120 10053
120 10386
120 10408
120 10306
120 10310
120 10409
120 10410
121 10411
121 10013
121 10094
121 10412
121 10380
121 10413
121 10286
121 10122
121 10383
121 10294
121 10244
122 10245
122 10246
122 10002
122 10414
122 10415
122 10234
122 10271
122 10094
122 10239
122 10416
122 10010
123 10417
123 10300
123 10418
123 10419
123 10013
123 10219
123 10394
123 10033
123 10420
123 10383
124 10421
124 10056
124 10013
124 10262
124 10094
124 10422
124 10423
124 10424
125 10425
125 10426
125 10321
125 10002
125 10013
125 10253
125 10308
125 10237
125 10239
125 10294
125 10311
126 10427
126 10428
126 10013
126 10324
126 10284
126 10219
126 10429
126 10345
126 10430
126 10294
127 10431
127 10432
127 10433
127 10013
127 10434
127 10435
127 10386
127 10436
127 10437
127 10244
128 10438
128 10425
128 10321
128 10414
128 10013
128 10439
128 10219
128 10094
128 10237
128 10239
128 10242
129 10440
129 10300
129 10441
129 10442
129 10013
129 10443
129 10014
129 10219
129 10255
129 10089
129 10244
130 10052
130 10043
130 10013
130 10094
130 10318
130 10444
130 10017
130 10445
130 10446
130 10055
130 10293
130 10105
131 10354
131 10374
131 10013
131 10284
131 10219
131 10447
131 10448
131 10240
131 10242
131 10297
131 10244
132 10414
132 10262
132 10219
132 10237
132 10449
132 10450
132 10239
132 10242
132 10010
132 10274
133 10246
133 10414
133 10013
133 10094
133 10451
133 10237
133 10449
133 10450
133 10242
133 10452
134 10246
134 10059
134 10013
134 10219
134 10453
134 10449
134 10237
134 10122
134 10242
134 10452
134 10244
135 10042
135 10414
135 10013
135 10388
135 10284
135 10094
135 10363
135 10017
135 10451
135 10454
135 10455
135 10456
136 10123
136 10457
136 10458
136 10459
136 10013
136 10460
136 10017
136 10461
136 10462
136 10463
136 10022
136 10293
137 10321
137 10464
137 10300
137 10013
137 10313
137 10465
137 10017
137 10008
137 10466
137 10022
137 10034
138 10052
138 10467
138 10043
138 10013
138 10318
138 10444
138 10017
138 10445
138 10468
138 10244
139 10042
139 10043
139 10469
139 10013
139 10470
139 10017
139 10471
139 10022
140 10472
140 10042
140 10473
140 10043
140 10469
140 10013
140 10474
140 10475
140 10032
140 10476
140 10017
141 10477
141 10042
141 10478
141 10043
141 10479
141 10480
141 10469
141 10013
141 10476
141 10017
141 10481
141 10482
142 10224
142 10483
142 10043
142 10013
142 10484
142 10268
142 10017
142 10485
142 10486
142 10169
142 10487
143 10224
143 10013
143 10226
143 10094
143 10017
143 10485
143 10486
143 10487
143 10042
143 10488
143 10484
143 10112
143 10294
144 10489
144 10490
144 10042
144 10087
144 10043
144 10090
144 10013
144 10491
144 10476
144 10492
144 10017
144 10493
145 10494
145 10042
145 10225
145 10013
145 10226
145 10227
145 10495
145 10017
145 10496
145 10497
145 10498
146 10042
146 10499
146 10500
146 10478
146 10043
146 10479
146 10469
146 10013
146 10474
146 10017
146 10501
146 10502
147 10187
147 10473
147 10042
147 10503
147 10043
147 10013
147 10504
147 10505
147 10072
147 10017
147 10046
147 10493
148 10123
148 10506
148 10002
148 10507
148 10272
148 10485
148 10152
148 10010
148 10508
148 10509
149 10224
149 10042
149 10225
149 10013
149 10495
149 10268
149 10497
149 10017
149 10510
149 10511
149 10509
150 10224
150 10512
150 10042
150 10513
150 10514
150 10225
150 10013
150 10226
150 10515
150 10017
150 10485
151 10516
151 10004
151 10517
151 10013
151 10518
151 10519
151 10515
151 10239
151 10520
151 10294
152 10194
152 10042
152 10521
152 10267
152 10522
152 10013
152 10268
152 10523
152 10017
152 10524
153 10224
153 10042
153 10506
153 10507
153 10043
153 10013
153 10484
153 10268
153 10017
153 10485
153 10486
153 10294
154 10224
154 10042
154 10525
154 10506
154 10514
154 10513
154 10043
154 10013
154 10226
154 10484
154 10017
154 10485
155 10224
155 10042
155 10506
155 10514
155 10526
155 10013
155 10226
155 10112
155 10017
155 10230
155 10498
155 10294
156 10042
156 10087
156 10043
156 10090
156 10527
156 10528
156 10529
156 10476
156 10335
156 10017
156 10010
156 10530
157 10123
157 10042
157 10043
157 10090
157 10531
157 10469
157 10335
157 10272
157 10017
157 10532
157 10010
157 10533
158 10013
158 10528
158 10017
158 10532
158 10534
158 10042
158 10043
158 10090
158 10014
158 10112
158 10527
158 10335
158 10021
159 10042
159 10535
159 10469
159 10013
159 10476
159 10536
159 10017
159 10537
159 10538
159 10539
160 10042
160 10540
160 10541
160 10478
160 10542
160 10043
160 10543
160 10469
160 10474
160 10017
160 10544
160 10010
161 10042
161 10473
161 10479
161 10043
161 10090
161 10214
161 10469
161 10013
161 10476
161 10017
161 10272
161 10545
162 10042
162 10087
162 10043
162 10013
162 10546
162 10547
162 10529
162 10335
162 10476
162 10017
162 10548
162 10549
163 10042
163 10479
163 10043
163 10469
163 10090
163 10013
163 10476
163 10550
163 10017
163 10272
163 10551
163 10493
164 10473
164 10042
164 10552
164 10553
164 10043
164 10546
164 10013
164 10475
164 10017
164 10554
164 10555
164 10556
165 10042
165 10473
165 10478
165 10043
165 10557
165 10558
165 10013
165 10469
165 10476
165 10017
165 10559
165 10482
166 10512
166 10042
166 10506
166 10525
166 10514
166 10225
166 10013
166 10226
166 10227
166 10112
166 10017
166 10485
167 10042
167 10479
167 10043
167 10469
167 10090
167 10560
167 10561
167 10476
167 10017
167 10559
167 10010
167 10502
168 10562
168 10042
168 10087
168 10043
168 10090
168 10013
168 10563
168 10529
168 10564
168 10228
168 10017
168 10501
169 10512
169 10042
169 10506
169 10013
169 10227
169 10268
169 10017
169 10485
169 10565
169 10274
169 10294
170 10566
170 10042
170 10567
170 10043
170 10568
170 10013
170 10272
170 10017
170 10569
170 10570
171 10042
171 10473
171 10540
171 10571
171 10478
171 10043
171 10469
171 10013
171 10572
171 10335
171 10017
171 10573
172 10506
172 10574
172 10112
172 10230
172 10485
172 10565
172 10010
172 10533
172 10294
172 10575
173 10042
173 10194
173 10514
173 10521
173 10013
173 10268
173 10519
173 10017
173 10576
174 10490
174 10042
174 10478
174 10087
174 10043
174 10090
174 10469
174 10013
174 10577
174 10474
174 10578
174 10017
175 10512
175 10042
175 10506
175 10225
175 10013
175 10268
175 10017
175 10485
175 10565
175 10274
175 10311
176 10177
176 10506
176 10013
176 10112
176 10579
176 10580
176 10230
176 10581
176 10582
176 10294
176 10583
177 10584
177 10042
177 10043
177 10469
177 10585
177 10536
177 10017
177 10481
177 10456
177 10537
177 10010
178 10489
178 10490
178 10042
178 10087
178 10043
178 10090
178 10543
178 10013
178 10529
178 10335
178 10476
178 10017
179 10013
179 10268
179 10094
179 10017
179 10565
179 10311
179 10512
179 10506
179 10043
179 10225
179 10112
179 10270
179 10294
180 10042
180 10525
180 10087
180 10043
180 10090
180 10586
180 10226
180 10529
180 10228
180 10017
180 10010
180 10509
181 10042
181 10587
181 10479
181 10043
181 10013
181 10558
181 10469
181 10474
181 10588
181 10017
181 10589
181 10590
182 10512
182 10042
182 10525
182 10514
182 10225
182 10013
182 10226
182 10227
182 10017
182 10485
182 10498
183 10013
183 10268
183 10094
183 10017
183 10311
183 10512
183 10506
183 10043
183 10225
183 10112
183 10294
183 10591
183 10274
184 10042
184 10546
184 10013
184 10112
184 10268
184 10017
184 10485
184 10274
184 10169
185 10512
185 10042
185 10506
185 10483
185 10225
185 10013
185 10227
185 10268
185 10017
185 10485
185 10294
186 10042
186 10514
186 10522
186 10013
186 10469
186 10226
186 10268
186 10017
186 10274
186 10509
186 10169
187 10514
187 10526
187 10013
187 10017
187 10485
187 10582
187 10498
187 10512
187 10042
187 10043
187 10225
187 10112
187 10509
188 10512
188 10224
188 10042
188 10525
188 10514
188 10513
188 10013
188 10226
188 10017
188 10592
188 10485
189 10473
189 10042
189 10043
189 10593
189 10189
189 10594
189 10048
189 10595
189 10228
189 10017
189 10551
189 10010
190 10187
190 10042
190 10043
190 10479
190 10469
190 10013
190 10335
190 10476
190 10017
190 10272
190 10481
190 10493
191 10513
191 10514
191 10013
191 10227
191 10253
191 10268
191 10017
191 10485
191 10512
191 10042
191 10506
191 10112
191 10294
192 10042
192 10265
192 10043
192 10596
192 10013
192 10090
192 10476
192 10228
192 10272
192 10017
192 10034
192 10493
193 10042
193 10506
193 10483
193 10013
193 10227
193 10268
193 10017
193 10515
193 10485
193 10565
193 10294
194 10473
194 10042
194 10478
194 10479
194 10043
194 10013
194 10469
194 10017
194 10272
194 10573
194 10034
194 10509
195 10042
195 10043
195 10479
195 10558
195 10597
195 10013
195 10469
195 10335
195 10598
195 10017
195 10510
196 10187
196 10042
196 10043
196 10469
196 10030
196 10578
196 10335
196 10599
196 10017
196 10382
196 10010
196 10169
197 10042
197 10600
197 10043
197 10601
197 10469
197 10546
197 10475
197 10476
197 10017
197 10010
197 10530
197 10602
198 10042
198 10479
198 10043
198 10469
198 10013
198 10578
198 10603
198 10017
198 10604
198 10605
198 10606
198 10502
199 10042
199 10473
199 10607
199 10043
199 10479
199 10469
199 10558
199 10013
199 10608
199 10335
199 10017
199 10609
200 10042
200 10043
200 10469
200 10474
200 10335
200 10017
200 10089
200 10010
201 10194
201 10042
201 10506
201 10574
201 10013
201 10469
201 10268
201 10017
201 10230
201 10610
201 10159
202 10490
202 10042
202 10611
202 10478
202 10479
202 10043
202 10013
202 10469
202 10578
202 10017
202 10599
202 10382
203 10042
203 10478
203 10043
203 10479
203 10013
203 10469
203 10597
203 10578
203 10612
203 10017
203 10510
203 10605
204 10042
204 10043
204 10597
204 10613
204 10013
204 10614
204 10615
204 10017
204 10382
204 10616
204 10617
204 10618
205 10619
205 10251
205 10459
205 10620
205 10335
205 10017
205 10621
205 10622
205 10022
205 10010
205 10623
206 10490
206 10042
206 10087
206 10624
206 10625
206 10043
206 10013
206 10469
206 10090
206 10529
206 10476
206 10017
207 10566
207 10108
207 10626
207 10043
207 10627
207 10013
207 10335
207 10628
207 10017
207 10272
207 10629
208 10042
208 10540
208 10043
208 10479
208 10090
208 10469
208 10030
208 10335
208 10476
208 10017
208 10606
208 10010
209 10042
209 10630
209 10558
209 10469
209 10522
209 10017
209 10009
209 10631
209 10463
209 10632
209 10010
210 10042
210 10633
210 10634
210 10043
210 10469
210 10597
210 10013
210 10635
210 10017
210 10636
210 10089
210 10637
211 10043
211 10638
211 10469
211 10639
211 10640
211 10013
211 10641
211 10017
211 10642
211 10643
211 10022
211 10644
212 10042
212 10087
212 10587
212 10043
212 10090
212 10469
212 10013
212 10529
212 10032
212 10476
212 10017
212 10022
213 10645
213 10042
213 10535
213 10646
213 10013
213 10469
213 10558
213 10536
213 10017
213 10647
213 10648
214 10042
214 10649
214 10650
214 10043
214 10630
214 10013
214 10335
214 10651
214 10017
214 10631
214 10652
214 10009
215 10042
215 10478
215 10542
215 10043
215 10013
215 10469
215 10474
215 10608
215 10017
216 10042
216 10630
216 10013
216 10558
216 10469
216 10523
216 10651
216 10017
216 10632
217 10653
217 10042
217 10478
217 10043
217 10469
217 10017
217 10010
218 10490
218 10654
218 10024
218 10042
218 10043
218 10469
218 10090
218 10013
218 10578
218 10655
218 10656
218 10017
219 10187
219 10042
219 10043
219 10013
219 10469
219 10474
219 10578
219 10599
219 10017
219 10089
220 10042
220 10653
220 10478
220 10043
220 10657
220 10469
220 10474
220 10017
220 10605
220 10010
221 10042
221 10540
221 10043
221 10013
221 10090
221 10476
221 10272
221 10017
221 10658
221 10659
221 10481
221 10660
222 10042
222 10661
222 10478
222 10043
222 10469
222 10013
222 10474
222 10335
222 10017
222 10605
222 10662
222 10502
223 10043
223 10663
223 10664
223 10665
223 10268
223 10628
223 10017
223 10456
223 10010
223 10274
223 10294
224 10043
224 10013
224 10017
224 10538
224 10034
224 10666
224 10667
225 10042
225 10653
225 10478
225 10668
225 10043
225 10469
225 10090
225 10013
225 10669
225 10670
225 10017
225 10589
226 10187
226 10043
226 10090
226 10013
226 10335
226 10476
226 10272
226 10599
226 10017
226 10671
226 10622
227 10672
227 10043
227 10640
227 10469
227 10013
227 10335
227 10215
227 10017
227 10642
227 10673
227 10538
228 10473
228 10042
228 10043
228 10090
228 10013
228 10474
228 10674
228 10017
228 10530
229 10675
229 10043
229 10676
229 10543
229 10013
229 10677
229 10272
229 10017
229 10622
229 10647
229 10678
230 10042
230 10679
230 10043
230 10469
230 10640
230 10597
230 10017
230 10680
230 10681
230 10510
230 10010
230 10530
231 10682
231 10043
231 10683
231 10684
231 10475
231 10470
231 10017
231 10685
231 10642
231 10242
231 10010
232 10042
232 10686
232 10478
232 10043
232 10469
232 10013
232 10687
232 10017
233 10688
233 10177
233 10043
233 10013
233 10272
233 10017
233 10689
233 10643
233 10690
233 10691
233 10692
234 10062
234 10679
234 10043
234 10693
234 10017
234 10694
234 10622
234 10695
234 10010
235 10478
235 10043
235 10013
235 10469
235 10640
235 10523
235 10017
235 10696
235 10008
235 10502
236 10042
236 10478
236 10043
236 10469
236 10013
236 10697
236 10474
236 10017
236 10382
236 10576
237 10478
237 10043
237 10640
237 10469
237 10013
237 10698
237 10523
237 10017
237 10696
238 10043
238 10699
238 10090
238 10522
238 10612
238 10700
238 10476
238 10017
238 10701
238 10008
238 10010
239 10042
239 10043
239 10090
239 10013
239 10017
240 10042
240 10473
240 10553
240 10043
240 10013
240 10702
240 10703
240 10335
240 10032
240 10228
240 10685
240 10017
241 10108
241 10704
241 10705
241 10706
241 10707
241 10708
241 10638
241 10013
241 10017
241 10709
241 10710
241 10022
242 10042
242 10013
242 10017
242 10711
242 10712
242 10713
242 10590
243 10339
243 10714
243 10042
243 10282
243 10013
243 10715
243 10716
243 10276
243 10017
243 10711
243 10713
243 10717
244 10718
244 10042
244 10719
244 10464
244 10043
244 10013
244 10032
244 10720
244 10017
244 10711
244 10712
244 10721
245 10503
245 10043
245 10316
245 10013
245 10318
245 10335
245 10722
245 10017
245 10711
245 10723
245 10724
245 10244
246 10725
246 10726
246 10727
246 10043
246 10013
246 10030
246 10728
246 10335
246 10017
246 10729
246 10730
246 10244
247 10301
247 10013
247 10335
247 10017
247 10731
247 10642
247 10732
247 10022
247 10288
248 10733
248 10043
248 10734
248 10013
248 10735
248 10335
248 10017
248 10736
248 10710
248 10605
248 10244
248 10737
249 10042
249 10464
249 10013
249 10032
249 10738
249 10017
249 10711
249 10712
249 10721
249 10590
249 10244
249 10288
250 10187
250 10739
250 10740
250 10013
250 10741
250 10030
250 10319
250 10742
250 10743
250 10288
251 10744
251 10002
251 10745
251 10746
251 10747
251 10748
251 10749
251 10010
252 10750
252 10108
252 10751
252 10752
252 10013
252 10017
252 10753
252 10019
252 10622
252 10754
252 10022
253 10755
253 10756
253 10757
253 10758
253 10759
253 10760
253 10761
253 10550
253 10762
253 10010
253 10126
254 10079
254 10755
254 10763
254 10764
254 10765
254 10766
254 10762
254 10010
254 10143
254 10767
254 10157
255 10768
255 10755
255 10108
255 10769
255 10770
255 10771
255 10772
255 10773
255 10762
255 10010
256 10774
256 10775
256 10002
256 10776
256 10777
256 10013
256 10778
256 10779
256 10780
256 10157
256 10767
257 10781
257 10782
257 10002
257 10783
257 10784
257 10785
257 10428
257 10786
257 10171
257 10787
257 10010
258 10788
258 10428
258 10214
258 10786
258 10789
258 10790
258 10791
258 10792
258 10793
258 10010
259 10794
259 10108
259 10013
259 10059
259 10795
259 10796
259 10112
259 10797
259 10213
259 10383
259 10798
260 10013
260 10112
260 10268
260 10580
260 10799
260 10486
260 10575
260 10274
260 10294
261 10144
261 10042
261 10800
261 10043
261 10090
261 10013
261 10614
261 10147
261 10017
261 10159
262 10801
262 10013
262 10112
262 10802
262 10268
262 10711
262 10803
262 10169
262 10294
263 10043
263 10268
263 10685
263 10017
263 10010
264 10804
264 10506
264 10043
264 10013
264 10268
264 10017
264 10805
265 10042
265 10506
265 10414
265 10806
265 10013
265 10268
265 10017
265 10456
265 10807
265 10582
265 10274
266 10042
266 10414
266 10043
266 10268
266 10808
266 10017
266 10809
266 10010
266 10274
267 10042
267 10414
267 10043
267 10268
267 10664
267 10017
267 10010
268 10414
268 10013
268 10268
268 10017
268 10042
268 10801
268 10810
268 10043
268 10546
268 10112
268 10711
268 10803
268 10274
269 10811
269 10013
269 10090
269 10112
269 10268
269 10803
