0 10049
1 10027
2 10033
3 10021
4 10000
5 10013
6 10001
7 10022
8 10035
9 10019
10 10003
11 10050
12 10006
13 10002
14 10004
15 10006
16 10002
17 10000
18 10000
19 10039
20 10019
21 10002
22 10034
23 10004
24 10001
25 10056
26 10009
27 10006
28 10001
29 10002
30 10021
31 10002
32 10000
33 10045
34 10001
35 10013
36 10010
37 10042
38 10002
39 10002
40 10002
41 10050
42 10002
43 10006
44 10002
45 10000
46 10000
47 10023
48 10010
49 10002
50 10000
51 10037
52 10000
53 10031
54 10010
55 10002
56 10009
57 10010
58 10000
59 10021
60 10021
61 10010
62 10013
63 10067
64 10002
65 10002
66 10021
67 10002
68 10013
69 10002
70 10021
71 10006
72 10013
73 10010
74 10015
75 10015
76 10010
77 10068
78 10005
79 10055
80 10041
81 10041
82 10025
83 10031
84 10030
85 10027
86 10061
87 10051
88 10043
89 10101
90 10046
91 10025
92 10040
93 10030
94 10027
95 10022
96 10031
97 10010
98 10025
99 10043
100 10046
101 10040
102 10024
103 10024
104 10038
105 10072
106 10022
107 10047
108 10031
109 10034
110 10047
111 10048
112 10015
113 10046
114 10040
115 10035
116 10016
117 10043
118 10051
119 10027
120 10051
121 10037
122 10016
123 10049
124 10048
125 10034
126 10025
127 10038
128 10026
129 10027
130 10027
131 10056
132 10035
133 10027
134 10027
135 10043
136 10039
137 10060
138 10042
139 10034
140 10029
141 10049
142 10063
143 10069
144 10035
145 10032
146 10068
147 10059
148 10052
149 10040
150 10036
151 10055
152 10032
153 10033
154 10028
155 10072
156 10052
157 10026
158 10069
159 10028
160 10063
161 10033
162 10046
163 10059
164 10071
165 10061
166 10072
167 10036
168 10073
169 10069
170 10059
171 10029
172 10035
173 10067
174 10067
175 10059
176 10069
177 10070
178 10026
179 10072
180 10070
181 10063
182 10029
183 10063
184 10065
185 10059
186 10071
187 10029
188 10035
189 10073
190 10078
191 10066
192 10059
193 10029
194 10069
195 10051
196 10063
197 10063
198 10067
199 10029
200 10063
201 10035
202 10071
203 10038
204 10026
205 10010
206 10035
207 10035
208 10077
209 10077
210 10044
211 10071
212 10015
213 10027
214 10036
215 10071
216 10059
217 10070
218 10045
219 10071
220 10070
221 10059
222 10035
223 10077
224 10047
225 10071
226 10051
227 10040
228 10071
229 10071
230 10070
231 10018
232 10071
233 10080
234 10070
235 10033
236 10033
237 10033
238 10015
239 10071
240 10088
241 10015
242 10031
243 10068
244 10046
245 10038
246 10038
247 10038
248 10038
249 10038
250 10038
251 10008
252 10005
253 10038
254 10094
255 10094
256 10004
257 10034
258 10095
259 10006
260 10026
261 10071
262 10082
263 10097
264 10071
265 10071
266 10097
267 10097
268 10082
269 10038
