0 1
1 1
2 1
3 1
4 1
5 1
6 1
7 1
8 1
9 1
10 1
11 1
12 1
13 1
14 1
15 1
16 1
17 1
18 1
19 1
20 1
21 1
22 1
23 1
24 1
25 1
26 1
27 1
28 1
29 1
30 1
31 1
32 1
33 1
34 1
35 1
36 1
37 1
38 1
39 1
40 1
41 1
42 1
43 1
44 1
45 1
46 1
47 1
48 1
49 1
50 1
51 1
52 1
53 1
54 1
55 1
56 1
57 1
58 1
59 1
60 1
61 1
62 1
63 1
64 1
65 1
66 1
67 1
68 1
69 1
70 1
71 1
72 1
73 1
74 1
75 1
76 1
77 1
78 1
79 1
80 1
81 1
82 1
83 1
84 1
85 1
86 1
87 1
88 1
89 1
90 1
91 1
92 1
93 1
94 1
95 1
96 1
97 1
98 1
99 1
100 1
101 1
102 1
103 1
104 1
105 1
106 1
107 1
108 1
109 1
110 1
111 1
112 1
113 1
114 1
119 4
120 4
121 4
122 4
123 4
124 4
125 4
126 4
127 4
128 4
129 4
130 5
131 5
132 5
133 5
134 5
135 5
136 5
137 5
138 5
139 5
140 5
141 5
142 5
143 5
144 5
145 5
146 5
147 5
148 5
149 5
150 5
151 5
152 5
153 5
154 5
155 5
156 5
157 5
158 5
159 5
160 5
161 5
162 5
163 5
164 5
165 5
166 5
167 6
168 6
169 6
170 6
171 6
172 6
173 6
174 6
175 6
176 6
177 6
178 6
179 6
180 6
181 6
182 6
183 6
184 6
185 6
186 6
187 6
188 6
189 6
190 6
191 6
192 6
193 6
194 6
195 6
196 6
197 6
198 6
199 6
200 6
201 6
202 6
203 6
204 6
205 6
206 6
207 6
208 6
209 6
210 6
211 6
212 6
213 6
214 6
215 6
216 6
217 6
218 6
219 6
220 6
221 6
222 6
223 6
224 6
225 6
226 6
227 6
228 6
229 6
230 6
231 6
232 6
233 6
234 6
235 6
236 6
237 6
238 6
239 6
240 6
241 6
242 6
243 6
244 6
245 6
246 6
247 6
248 6
249 6
250 6
251 6
252 6
253 6
254 6
255 6
256 6
257 6
258 6
259 6
260 6
261 6
262 6
263 6
264 6
274 8
275 8
276 8
277 8
278 8
279 8
280 8
281 8
282 8
283 8
284 8
285 8
286 8
287 8
288 8
289 8
290 8
291 8
292 8
293 8
294 9
295 9
296 9
297 9
298 9
299 9
300 9
301 9
302 9
303 9
304 9
305 9
306 9
307 9
308 9
309 9
310 9
311 9
312 9
313 9
314 9
315 9
316 9
317 9
318 9
319 9
320 9
321 9
322 9
323 9
324 9
325 9
326 9
327 9
334 11
335 11
336 11
337 11
338 11
339 11
340 11
341 11
342 11
343 11
344 11
345 11
346 11
347 11
348 11
349 12
350 12
351 12
352 12
353 12
354 12
355 12
356 12
357 12
358 12
359 12
360 12
361 12
370 15
371 15
372 15
373 15
374 15
375 15
376 15
377 15
378 15
379 15
392 19
393 19
394 19
395 19
396 19
397 19
398 19
399 19
400 19
401 19
402 19
403 19
404 19
405 19
406 19
407 19
408 19
409 19
410 19
411 19
412 19
413 19
414 19
415 19
416 19
417 19
418 19
419 19
420 19
421 19
422 19
423 19
424 19
425 19
426 19
427 19
428 19
429 19
430 19
431 19
432 19
433 19
434 19
435 19
436 19
437 19
438 19
439 19
441 21
442 21
443 21
444 21
445 21
446 21
447 21
448 21
449 21
450 21
451 21
452 21
453 21
454 21
455 21
456 21
457 21
458 21
459 21
460 22
461 22
462 22
463 22
464 22
465 22
466 22
467 22
468 22
469 22
470 22
471 22
472 22
473 22
474 22
475 22
513 33
514 33
515 33
516 33
517 33
518 33
519 33
520 33
521 33
522 33
523 33
524 33
525 33
526 33
527 33
528 33
529 33
530 34
531 34
532 34
533 34
534 34
535 34
536 34
537 34
538 34
539 34
540 34
541 34
542 34
543 34
544 34
545 35
546 35
547 35
548 35
549 35
550 35
551 35
552 35
553 35
554 35
555 35
556 35
557 35
558 35
559 35
560 35
561 35
562 35
563 35
564 35
565 35
566 35
567 35
568 35
569 35
570 35
571 35
572 35
573 35
574 35
575 35
576 35
577 35
578 35
579 35
580 35
581 35
582 35
583 35
584 35
591 38
592 38
593 38
594 38
595 38
596 38
597 38
598 38
599 38
600 38
601 38
602 38
603 38
604 38
605 38
606 38
607 38
608 38
609 38
610 38
611 38
612 38
613 38
614 38
615 38
616 38
617 38
618 38
619 38
620 38
621 38
622 38
623 38
624 38
625 38
671 53
672 53
673 53
674 53
675 53
676 53
677 53
678 53
679 53
680 53
681 54
682 54
683 54
684 54
685 54
686 54
687 54
688 54
689 54
690 54
691 54
692 54
693 54
694 54
695 54
696 54
697 54
698 54
699 54
700 54
701 54
702 54
703 54
704 54
705 54
706 54
707 54
708 54
709 54
710 54
711 54
712 54
713 54
714 54
715 54
716 54
717 54
718 54
736 60
737 60
738 60
739 60
740 60
741 60
742 60
743 60
744 60
745 60
746 60
747 60
748 60
749 60
750 60
751 60
752 60
753 60
754 60
755 60
756 60
757 60
758 60
759 60
760 60
761 60
780 66
781 66
782 66
783 66
784 66
785 66
786 66
787 66
788 66
789 66
790 66
791 66
792 66
793 66
831 85
832 85
833 85
834 85
835 85
836 85
837 85
838 85
839 85
840 85
841 85
842 85
843 85
844 86
845 86
846 86
847 86
848 86
849 86
850 86
851 86
852 86
853 86
854 86
855 86
862 93
863 93
864 93
865 93
866 93
867 93
868 93
869 93
870 93
871 93
872 93
