22 5
23 5
24 5
25 5
26 5
27 5
28 5
29 5
30 5
31 5
32 5
33 5
34 5
35 5
36 5
37 5
38 5
47 8
48 8
49 8
50 8
51 8
52 8
53 8
54 8
55 8
56 8
59 10
60 10
61 10
62 10
63 10
64 10
65 10
66 10
67 10
68 10
69 10
70 10
71 10
72 10
73 10
74 10
75 10
76 10
77 10
78 10
79 10
80 10
81 10
82 10
83 10
84 10
85 10
86 10
87 10
88 10
89 10
90 10
91 10
92 10
93 10
114 21
115 21
116 21
117 21
118 21
119 21
120 21
121 21
122 21
123 21
124 21
125 21
126 21
127 21
128 22
129 22
130 22
131 22
132 22
133 22
134 22
135 22
136 22
137 22
138 22
139 22
140 22
141 22
142 22
143 23
144 23
145 23
146 23
147 23
148 23
149 23
150 23
151 23
152 23
153 23
154 23
191 36
192 36
193 36
194 36
195 36
196 36
197 36
198 36
199 36
200 36
201 36
