0 1
1 1
2 1
3 1
4 1
5 1
6 1
7 1
8 1
9 1
10 1
11 1
12 1
13 1
14 1
15 1
16 1
17 1
18 1
19 1
20 1
21 1
22 1
23 1
24 1
25 1
26 1
27 1
28 1
29 1
30 1
31 1
32 1
33 1
34 1
35 1
36 1
37 1
38 1
39 1
40 1
41 1
42 1
43 1
44 1
45 1
46 1
47 1
48 1
49 1
50 1
51 1
52 1
53 1
54 1
55 1
56 1
57 1
58 1
59 1
60 1
61 1
62 1
63 1
64 1
65 2
66 2
67 2
68 2
69 2
70 2
71 2
72 2
73 2
74 2
80 6
81 6
82 6
83 6
84 6
85 6
86 6
87 6
88 6
89 6
90 6
91 6
92 6
93 6
94 6
95 7
96 7
97 7
98 7
99 7
100 7
101 7
102 7
103 7
104 7
105 7
106 8
107 8
108 8
109 8
110 8
111 8
112 8
113 8
114 8
115 8
116 8
117 8
118 8
119 8
120 8
121 8
122 8
123 8
124 8
125 8
126 8
127 8
128 8
129 8
130 8
131 8
132 8
133 8
134 8
135 8
136 8
137 8
138 8
139 8
140 8
141 8
142 8
143 8
144 8
145 9
146 9
147 9
148 9
149 9
150 9
151 9
152 9
153 9
154 9
155 9
165 17
166 17
167 17
168 17
169 17
170 17
171 17
172 17
173 17
174 17
175 17
176 17
177 17
178 17
179 17
180 17
181 17
182 17
183 17
184 17
185 17
186 17
187 18
188 18
189 18
190 18
191 18
192 18
193 18
194 18
195 18
196 18
197 18
198 18
199 18
200 18
201 18
202 18
203 18
204 18
205 18
206 18
207 18
208 18
209 18
210 18
