0 1
1 1
2 1
3 1
4 1
5 1
6 1
7 1
8 1
9 1
10 1
11 1
12 1
13 1
14 1
15 1
16 1
17 1
18 1
19 1
20 1
21 1
22 1
23 1
24 1
25 1
26 1
27 1
28 1
29 1
30 1
31 1
32 1
33 1
34 1
35 1
36 1
37 1
38 1
39 1
40 1
41 1
42 1
43 1
44 1
45 1
46 1
47 1
48 1
49 1
50 1
60 5
61 5
62 5
63 5
64 5
65 5
66 5
67 5
68 5
69 5
70 5
71 5
72 5
73 5
74 5
75 5
76 5
77 5
78 5
79 5
80 5
81 5
82 5
83 5
90 7
91 7
92 7
93 7
94 7
95 7
96 7
97 7
98 7
99 7
100 7
101 7
102 7
103 7
104 7
105 7
106 7
107 7
108 7
109 7
110 7
111 7
112 7
113 7
114 7
115 7
116 7
117 7
118 7
119 7
120 8
121 8
122 8
123 8
124 8
125 8
126 8
127 8
128 8
129 8
130 8
131 8
132 8
133 8
134 8
135 8
136 8
137 8
138 8
139 8
140 8
141 8
142 8
143 8
174 14
175 14
176 14
177 14
178 14
179 14
180 14
181 14
182 14
183 14
184 14
185 14
186 14
187 14
188 14
189 14
192 19
193 19
194 19
195 19
196 19
197 19
198 19
199 19
200 19
201 19
202 19
203 19
204 19
205 19
206 19
207 19
208 19
209 20
210 20
211 20
212 20
213 20
214 20
215 20
216 20
217 20
218 20
219 20
220 20
221 20
222 20
223 20
224 20
225 20
226 20
227 20
228 20
229 20
230 20
231 20
232 20
233 20
234 20
235 20
236 20
