4 3
5 3
6 3
7 3
8 3
9 3
10 3
11 3
12 3
13 3
14 3
15 3
16 3
17 3
18 3
19 3
20 3
21 3
22 3
23 3
24 3
25 4
26 4
27 4
28 4
29 4
30 4
31 4
32 4
33 4
34 4
35 4
36 4
37 4
47 7
48 7
49 7
50 7
51 7
52 7
53 7
54 7
55 7
56 7
57 7
58 7
59 7
60 7
61 7
62 7
63 7
64 7
65 7
66 7
67 7
68 7
69 7
70 7
71 7
72 7
73 7
74 7
75 7
76 7
77 7
78 7
85 10
86 10
87 10
88 10
89 10
90 10
91 10
92 10
93 10
94 10
95 10
96 10
97 10
98 10
101 12
102 12
103 12
104 12
105 12
106 12
107 12
108 12
109 12
110 12
111 12
112 12
113 13
114 13
115 13
116 13
117 13
118 13
119 13
120 13
121 13
122 13
123 13
124 13
125 13
126 13
127 13
128 13
129 13
130 13
131 13
132 13
133 13
134 13
135 13
136 13
137 13
138 13
139 15
140 15
141 15
142 15
143 15
144 15
145 15
146 15
147 15
148 15
149 15
150 15
151 15
152 15
153 15
154 15
155 15
156 15
157 15
158 15
159 15
160 15
161 16
162 16
163 16
164 16
165 16
166 16
167 16
168 16
169 16
170 16
171 16
172 16
173 16
174 16
175 17
176 17
177 17
178 17
179 17
180 17
181 17
182 17
183 17
184 17
185 17
186 17
187 17
188 17
189 17
190 17
191 17
194 19
195 19
196 19
197 19
198 19
199 19
200 19
201 19
202 19
203 19
204 19
205 19
206 19
207 19
208 19
209 19
210 19
211 19
212 19
213 19
214 19
215 19
216 19
217 19
218 19
219 19
220 19
221 19
222 19
223 19
224 19
225 19
226 19
227 19
228 19
229 19
230 19
259 28
260 28
261 28
262 28
263 28
264 28
265 28
266 28
267 28
268 28
269 28
270 28
271 28
272 28
273 28
274 28
