0 1
1 1
2 1
3 1
4 1
5 1
6 1
7 1
8 1
9 1
10 1
11 1
12 1
13 1
14 1
15 1
16 1
17 1
18 1
19 1
20 1
21 1
22 1
23 1
24 1
25 1
26 1
27 1
28 1
29 1
30 1
31 1
32 1
33 1
34 1
35 1
36 1
37 1
38 1
39 1
40 1
41 2
42 2
43 2
44 2
45 2
46 2
47 2
48 2
49 2
50 2
51 2
52 2
53 2
54 2
55 2
56 2
57 2
58 2
59 2
60 2
61 2
62 2
63 2
64 2
65 2
66 2
67 2
68 2
69 2
70 2
71 2
72 2
73 2
74 2
75 2
76 2
77 2
78 2
79 2
80 2
81 2
82 2
83 2
84 2
85 2
86 2
87 2
88 2
89 2
90 2
91 2
92 2
93 2
94 2
95 2
96 2
97 2
98 2
99 2
100 2
101 2
102 2
103 2
104 2
105 2
106 2
107 2
108 2
109 2
110 2
111 2
112 2
113 2
114 2
115 2
124 4
125 4
126 4
127 4
128 4
129 4
130 4
131 4
132 4
133 4
134 4
135 4
136 4
137 4
138 4
139 4
140 4
141 4
142 4
143 4
144 4
145 4
146 4
147 4
148 4
149 4
150 4
151 4
152 4
153 4
154 4
155 4
156 4
157 4
158 4
159 4
160 4
161 4
162 4
163 4
164 4
165 4
166 4
167 4
168 4
169 4
170 4
171 4
172 4
173 4
174 4
175 4
176 4
177 4
178 4
179 4
180 4
181 4
182 4
183 4
184 4
185 4
186 4
187 4
188 4
189 4
190 4
191 4
192 4
193 4
194 4
195 4
196 4
197 4
198 4
199 4
211 7
212 7
213 7
214 7
215 7
216 7
217 7
218 7
219 7
220 7
225 9
226 9
227 9
228 9
229 9
230 9
231 9
232 9
233 9
234 9
235 9
236 9
237 9
238 9
239 9
240 9
261 14
262 14
263 14
264 14
265 14
266 14
267 14
268 14
269 14
270 14
271 14
272 15
273 15
274 15
275 15
276 15
277 15
278 15
279 15
280 15
281 15
282 15
283 16
284 16
285 16
286 16
287 16
288 16
289 16
290 16
291 16
292 16
293 16
294 16
295 16
296 16
297 16
298 16
299 16
300 16
301 16
302 16
303 16
304 16
305 16
306 16
307 16
308 16
309 16
310 16
311 16
326 21
327 21
328 21
329 21
330 21
331 21
332 21
333 21
334 21
335 21
336 21
337 21
338 21
339 21
340 21
341 21
361 32
362 32
363 32
364 32
365 32
366 32
367 32
368 32
369 32
370 32
371 32
372 32
