0 1
1 1
2 1
3 1
4 1
5 1
6 1
7 1
8 1
9 1
10 1
11 1
12 1
13 1
14 1
15 1
16 1
17 1
18 1
19 1
20 1
21 1
22 1
23 1
24 1
25 1
26 1
27 1
28 1
29 1
30 1
31 1
32 1
33 1
34 1
35 1
36 1
37 1
38 1
39 1
40 1
41 1
42 1
43 1
44 1
45 1
46 1
47 1
48 1
49 1
50 1
51 1
52 1
53 1
54 1
55 1
56 1
57 1
58 1
59 1
60 1
65 3
66 3
67 3
68 3
69 3
70 3
71 3
72 3
73 3
74 3
75 3
76 3
77 3
78 3
79 3
80 3
81 3
82 3
83 4
84 4
85 4
86 4
87 4
88 4
89 4
90 4
91 4
92 4
93 4
94 4
95 4
96 4
97 4
98 5
99 5
100 5
101 5
102 5
103 5
104 5
105 5
106 5
107 5
108 5
109 5
110 5
111 5
119 7
120 7
121 7
122 7
123 7
124 7
125 7
126 7
127 7
128 7
129 7
138 12
139 12
140 12
141 12
142 12
143 12
144 12
145 12
146 12
147 12
148 12
149 12
150 12
151 12
152 12
153 12
154 12
155 12
156 12
157 12
158 12
159 12
160 12
171 15
172 15
173 15
174 15
175 15
176 15
177 15
178 15
179 15
180 15
181 15
182 15
183 15
184 15
185 15
186 15
187 15
188 15
189 15
190 15
191 15
192 15
193 16
194 16
195 16
196 16
197 16
198 16
199 16
200 16
201 16
202 16
203 16
204 16
205 16
206 16
