0 1
1 1
2 1
3 1
4 1
5 1
6 1
7 1
8 1
9 1
10 1
11 1
12 1
13 1
14 1
15 1
16 1
17 1
18 1
19 1
20 1
21 1
22 1
23 1
24 1
25 1
26 1
27 1
28 1
29 1
30 1
31 1
32 1
33 1
34 1
47 5
48 5
49 5
50 5
51 5
52 5
53 5
54 5
55 5
56 5
57 5
58 5
59 5
60 5
61 5
62 5
63 5
64 6
65 6
66 6
67 6
68 6
69 6
70 6
71 6
72 6
73 6
74 6
75 6
76 6
77 6
78 6
79 6
80 6
81 6
82 6
83 6
84 6
85 6
86 6
87 6
88 6
89 6
90 6
91 6
92 6
93 6
94 6
95 6
96 6
97 6
98 6
99 6
100 6
101 6
102 6
103 6
104 6
105 6
106 7
107 7
108 7
109 7
110 7
111 7
112 7
113 7
114 7
115 7
116 7
117 7
118 7
119 7
120 8
121 8
122 8
123 8
124 8
125 8
126 8
127 8
128 8
129 8
131 10
132 10
133 10
134 10
135 10
136 10
137 10
138 10
139 10
140 10
141 10
142 10
143 10
144 10
149 13
150 13
151 13
152 13
153 13
154 13
155 13
156 13
157 13
158 13
183 22
184 22
185 22
186 22
187 22
188 22
189 22
190 22
191 22
192 22
193 22
194 22
195 22
196 22
197 22
198 22
199 22
200 22
201 22
206 24
207 24
208 24
209 24
210 24
211 24
212 24
213 24
214 24
215 24
216 24
217 24
218 24
219 24
220 24
221 24
222 24
223 24
224 24
225 24
226 24
227 24
228 24
229 24
230 25
231 25
232 25
233 25
234 25
235 25
236 25
237 25
238 25
239 25
240 25
241 25
242 25
243 25
250 27
251 27
252 27
253 27
254 27
255 27
256 27
257 27
258 27
259 27
260 27
261 27
262 27
263 27
266 29
267 29
268 29
269 29
270 29
271 29
272 29
273 29
274 29
275 29
276 29
277 29
278 29
279 29
280 29
281 29
282 29
283 30
284 30
285 30
286 30
287 30
288 30
289 30
290 30
291 30
292 30
293 30
294 31
295 31
296 31
297 31
298 31
299 31
300 31
301 31
302 31
303 31
304 31
305 31
306 31
307 31
308 31
309 31
310 31
311 31
312 31
313 31
314 31
315 31
316 31
317 31
318 31
319 31
320 31
321 31
322 31
323 32
324 32
325 32
326 32
327 32
328 32
329 32
330 32
331 32
332 32
333 32
334 32
335 32
336 32
337 32
338 32
339 32
340 33
341 33
342 33
343 33
344 33
345 33
346 33
347 33
348 33
349 33
350 33
351 33
352 33
353 33
354 33
355 33
356 33
357 33
358 33
359 33
360 33
361 33
362 33
367 37
368 37
369 37
370 37
371 37
372 37
373 37
374 37
375 37
376 37
377 37
378 37
379 37
390 43
391 43
392 43
393 43
394 43
395 43
396 43
397 43
398 43
399 43
400 43
401 43
402 43
403 43
404 43
405 43
406 43
407 43
408 43
409 43
422 46
423 46
424 46
425 46
426 46
427 46
428 46
429 46
430 46
431 46
432 46
433 46
434 46
