5 2
6 2
7 2
8 2
9 2
10 2
11 2
12 2
13 2
14 2
15 2
16 2
17 2
18 2
19 2
20 2
21 2
22 2
23 2
24 2
25 2
26 2
27 2
28 2
29 2
30 2
31 2
32 2
33 2
34 2
35 2
36 2
37 2
38 2
39 2
40 2
41 2
42 2
43 2
44 2
45 2
46 2
47 2
48 2
49 2
50 2
51 2
52 2
53 2
54 2
55 2
56 2
57 2
58 2
59 2
60 2
61 2
62 2
63 2
64 2
65 2
66 2
67 2
68 2
69 2
70 2
71 2
72 2
73 2
74 2
75 2
76 2
77 2
78 2
79 2
80 2
81 2
82 2
83 2
84 2
85 2
86 2
87 2
88 2
89 2
90 2
91 2
92 2
112 9
113 9
114 9
115 9
116 9
117 9
118 9
119 9
120 9
121 9
122 9
123 9
124 9
125 9
126 9
127 9
128 9
129 9
130 9
131 9
132 9
133 9
134 9
135 9
136 9
137 9
138 9
139 9
140 9
141 9
142 9
143 9
144 9
145 9
146 9
147 9
148 9
149 9
150 9
151 9
152 9
153 9
154 9
155 9
156 9
157 9
158 9
159 9
160 9
161 9
162 9
163 9
164 9
165 9
166 9
167 9
168 9
169 9
170 9
171 9
172 9
173 9
174 9
175 9
176 9
177 9
178 9
179 9
180 9
181 9
182 9
183 9
184 9
185 9
186 9
189 11
190 11
191 11
192 11
193 11
194 11
195 11
196 11
197 11
198 11
199 11
200 11
201 11
202 11
203 11
204 11
205 11
206 11
207 11
208 11
209 11
210 11
211 11
212 11
213 11
214 11
215 11
216 11
217 11
218 11
219 11
220 11
221 12
222 12
223 12
224 12
225 12
226 12
227 12
228 12
229 12
230 12
231 12
232 12
233 12
234 12
235 12
236 12
237 12
240 15
241 15
242 15
243 15
244 15
245 15
246 15
247 15
248 15
249 15
250 15
251 15
252 15
253 15
254 15
255 15
256 15
257 15
258 15
259 15
268 20
269 20
270 20
271 20
272 20
273 20
274 20
275 20
276 20
277 20
278 20
279 20
287 22
288 22
289 22
290 22
291 22
292 22
293 22
294 22
295 22
296 22
297 22
298 22
299 22
300 22
301 22
302 22
303 22
304 22
314 27
315 27
316 27
317 27
318 27
319 27
320 27
321 27
322 27
323 27
324 27
325 27
348 43
349 43
350 43
351 43
352 43
353 43
354 43
355 43
356 43
357 43
358 43
376 47
377 47
378 47
379 47
380 47
381 47
382 47
383 47
384 47
385 47
386 47
387 47
401 53
402 53
403 53
404 53
405 53
406 53
407 53
408 53
409 53
410 53
411 53
412 53
