0 1
1 1
2 1
3 1
4 1
5 1
6 1
7 1
8 1
9 1
10 1
11 1
12 1
13 1
14 1
19 4
20 4
21 4
22 4
23 4
24 4
25 4
26 4
27 4
28 4
29 4
30 4
31 4
32 4
33 4
34 4
35 5
36 5
37 5
38 5
39 5
40 5
41 5
42 5
43 5
44 5
45 5
46 5
47 5
48 5
49 5
50 5
51 5
52 5
53 5
54 5
55 5
56 6
57 6
58 6
59 6
60 6
61 6
62 6
63 6
64 6
65 6
66 6
67 6
68 6
69 6
70 6
71 6
72 6
73 6
74 6
75 6
76 6
77 6
78 6
79 6
94 9
95 9
96 9
97 9
98 9
99 9
100 9
101 9
102 9
103 9
104 9
105 9
106 9
107 9
108 9
109 9
110 9
111 9
112 9
113 9
114 9
115 9
116 9
117 9
118 9
119 9
120 9
134 15
135 15
136 15
137 15
138 15
139 15
140 15
141 15
142 15
143 15
144 15
145 15
146 15
147 15
148 15
149 15
150 15
151 15
152 15
153 15
154 15
155 15
156 15
157 15
158 15
159 15
160 15
161 15
162 15
163 15
164 15
165 15
166 15
167 15
168 15
189 25
190 25
191 25
192 25
193 25
194 25
195 25
196 25
197 25
198 25
199 25
200 25
201 25
202 25
203 25
204 25
205 25
206 25
207 25
208 25
209 25
210 25
211 25
212 25
213 25
214 25
222 27
223 27
224 27
225 27
226 27
227 27
228 27
229 27
230 27
231 27
232 27
233 27
234 27
235 27
236 27
237 27
238 27
239 27
240 27
241 27
242 27
243 27
245 30
246 30
247 30
248 30
249 30
250 30
251 30
252 30
253 30
254 30
255 30
256 30
257 30
263 33
264 33
265 33
266 33
267 33
268 33
269 33
270 33
271 33
272 33
273 33
274 33
275 33
276 33
277 34
278 34
279 34
280 34
281 34
282 34
283 34
284 34
285 34
286 34
287 34
288 34
298 36
299 36
300 36
301 36
302 36
303 36
304 36
305 36
306 36
307 36
308 36
309 36
310 36
311 36
312 36
313 36
347 50
348 50
349 50
350 50
351 50
352 50
353 50
354 50
355 50
356 50
357 50
358 50
359 50
360 50
361 50
362 50
363 50
364 50
365 50
366 50
367 50
368 50
369 50
370 50
371 50
372 50
377 54
378 54
379 54
380 54
381 54
382 54
383 54
384 54
385 54
386 54
387 54
418 71
419 71
420 71
421 71
422 71
423 71
424 71
425 71
426 71
427 71
440 86
441 86
442 86
443 86
444 86
445 86
446 86
447 86
448 86
449 86
450 86
451 86
452 86
