2 2
3 2
4 2
5 2
6 2
7 2
8 2
9 2
10 2
11 2
12 2
13 2
14 2
15 2
16 2
17 2
18 2
19 2
20 2
21 2
22 2
23 2
24 2
25 2
26 2
27 2
37 5
38 5
39 5
40 5
41 5
42 5
43 5
44 5
45 5
46 5
47 5
48 5
49 5
50 5
51 5
52 5
53 5
54 5
55 5
56 5
57 5
58 5
59 5
60 5
61 5
62 5
63 5
64 5
65 5
66 5
67 5
68 5
69 5
70 5
71 5
72 5
73 5
74 5
75 5
76 5
77 5
78 5
79 5
80 5
81 5
82 5
83 5
84 5
85 5
86 5
87 5
88 5
89 5
90 5
91 5
92 5
93 5
94 5
95 5
96 5
97 5
98 5
99 5
100 5
101 5
102 5
103 5
104 5
105 5
106 5
107 5
108 5
109 5
110 5
111 5
112 5
113 5
114 5
115 5
116 5
117 5
118 5
119 5
120 5
121 5
122 5
123 5
124 5
125 5
126 5
127 5
128 6
129 6
130 6
131 6
132 6
133 6
134 6
135 6
136 6
137 6
138 6
139 6
140 6
141 6
142 6
143 6
144 6
145 6
146 6
147 6
148 6
149 6
150 6
151 6
152 6
153 6
154 6
155 6
156 6
157 6
158 6
159 6
160 6
161 6
162 6
163 6
164 6
165 6
166 6
167 6
168 6
169 6
170 6
171 6
172 6
173 6
174 6
175 6
176 6
177 6
178 6
179 6
180 6
181 6
182 6
183 6
184 6
185 6
186 6
187 6
188 6
189 6
190 6
191 6
192 6
193 6
194 6
195 6
196 6
197 6
198 6
199 6
200 6
201 6
202 6
203 6
204 6
205 6
206 6
207 6
208 6
209 6
210 6
211 6
212 6
213 6
214 6
215 6
216 6
217 6
218 6
219 6
220 6
221 6
222 6
223 6
224 6
225 6
226 6
227 6
228 6
229 6
230 6
231 6
232 6
233 6
234 6
235 6
236 6
237 6
238 7
239 7
240 7
241 7
242 7
243 7
244 7
245 7
246 7
247 7
248 7
249 7
250 7
269 14
270 14
271 14
272 14
273 14
274 14
275 14
276 14
277 14
278 14
279 14
280 14
281 14
282 14
283 14
284 14
285 14
