13 5
14 5
15 5
16 5
17 5
18 5
19 5
20 5
21 5
22 5
23 5
24 5
25 6
26 6
27 6
28 6
29 6
30 6
31 6
32 6
33 6
34 6
35 6
36 6
37 6
38 6
39 6
40 6
41 6
42 6
43 6
44 6
45 6
46 6
47 6
48 6
49 6
50 6
51 6
52 6
53 6
54 6
55 6
56 6
57 7
58 7
59 7
60 7
61 7
62 7
63 7
64 7
65 7
66 7
67 7
68 7
69 7
70 7
71 7
72 7
73 7
74 7
75 7
76 7
77 7
78 7
79 7
80 7
81 7
82 7
83 7
84 7
85 7
86 7
87 7
88 7
89 7
90 7
91 7
92 7
93 7
94 7
95 7
96 7
97 7
98 7
99 7
100 7
101 7
102 7
103 7
104 7
105 7
106 7
107 8
108 8
109 8
110 8
111 8
112 8
113 8
114 8
115 8
116 8
117 8
118 8
119 8
120 8
121 8
122 8
123 8
124 8
125 8
126 8
127 8
128 8
129 8
130 8
131 8
132 8
133 8
134 8
135 8
136 8
137 8
138 8
154 12
155 12
156 12
157 12
158 12
159 12
160 12
161 12
162 12
163 12
164 12
165 12
166 12
167 12
168 12
169 12
170 12
171 12
172 12
173 12
174 12
175 12
176 13
177 13
178 13
179 13
180 13
181 13
182 13
183 13
184 13
185 13
194 15
195 15
196 15
197 15
198 15
199 15
200 15
201 15
202 15
203 15
204 15
205 15
206 15
216 17
217 17
218 17
219 17
220 17
221 17
222 17
223 17
224 17
225 17
226 17
227 17
230 19
231 19
232 19
233 19
234 19
235 19
236 19
237 19
238 19
239 19
240 19
241 19
242 19
243 19
244 19
245 19
246 19
247 19
248 19
257 22
258 22
259 22
260 22
261 22
262 22
263 22
264 22
265 22
266 22
267 22
268 22
269 22
270 22
271 22
272 22
273 22
274 22
275 22
276 22
277 22
278 22
279 22
280 22
281 22
282 22
283 22
295 28
296 28
297 28
298 28
299 28
300 28
301 28
302 28
303 28
304 28
317 32
318 32
319 32
320 32
321 32
322 32
323 32
324 32
325 32
326 32
327 32
328 32
329 32
330 32
331 32
332 32
333 32
334 32
335 32
336 32
337 32
338 32
339 32
340 32
341 32
342 32
343 32
344 32
345 32
346 32
347 32
348 32
349 32
350 32
351 32
352 32
353 32
354 32
355 32
356 32
357 32
358 32
359 32
360 32
361 32
362 32
363 32
364 32
365 32
366 32
367 32
368 32
369 32
370 32
371 32
372 32
373 32
374 32
375 32
376 32
377 32
378 32
379 32
380 32
381 32
382 32
383 32
384 32
385 32
386 32
387 32
388 32
389 32
390 32
391 32
392 32
393 32
394 32
395 32
396 32
397 32
398 32
399 32
400 32
401 32
402 32
403 32
404 32
405 32
406 32
407 32
408 32
409 32
410 32
411 32
412 32
413 32
414 32
415 32
416 32
417 32
444 37
445 37
446 37
447 37
448 37
449 37
450 37
451 37
452 37
453 37
454 37
455 37
456 37
457 37
458 37
459 37
460 37
461 37
462 37
463 37
464 37
465 37
466 37
467 37
468 37
469 37
470 37
471 37
472 37
473 37
474 37
475 37
476 37
477 37
478 37
479 37
480 37
481 37
482 37
483 37
494 41
495 41
496 41
497 41
498 41
499 41
500 41
501 41
502 41
503 41
504 41
505 41
506 41
507 41
519 48
520 48
521 48
522 48
523 48
524 48
525 48
526 48
527 48
528 48
529 48
530 48
531 48
532 48
533 48
534 48
535 48
536 48
537 48
538 48
539 49
540 49
541 49
542 49
543 49
544 49
545 49
546 49
547 49
548 49
551 52
552 52
553 52
554 52
555 52
556 52
557 52
558 52
559 52
560 52
561 52
562 52
563 52
585 58
586 58
587 58
588 58
589 58
590 58
591 58
592 58
593 58
594 58
595 58
596 58
597 58
598 58
599 58
600 58
601 58
602 58
603 58
604 58
605 58
606 58
607 58
608 58
609 58
610 58
611 59
612 59
613 59
614 59
615 59
616 59
617 59
618 59
619 59
620 59
621 59
622 59
623 59
624 59
625 59
626 59
627 59
628 59
629 59
630 59
631 59
632 59
633 59
634 59
635 59
636 59
637 59
656 67
657 67
658 67
659 67
660 67
661 67
662 67
663 67
664 67
665 67
666 67
667 67
678 74
679 74
680 74
681 74
682 74
683 74
684 74
685 74
686 74
687 74
688 74
689 74
690 74
691 74
692 74
693 74
694 74
710 78
711 78
712 78
713 78
714 78
715 78
716 78
717 78
718 78
719 78
720 78
721 78
722 78
723 78
724 78
725 78
726 78
727 78
728 78
