0 1
1 1
2 1
3 1
4 1
5 1
6 1
7 1
8 1
9 1
10 1
11 1
12 1
13 1
14 1
15 1
16 1
17 1
18 1
19 1
20 1
21 1
22 1
23 1
24 1
25 2
26 2
27 2
28 2
29 2
30 2
31 2
32 2
33 2
34 2
35 2
36 2
37 2
38 2
39 2
40 2
41 2
42 2
43 2
44 2
45 2
46 2
47 2
48 2
49 2
50 2
51 2
52 2
53 2
54 2
55 2
56 2
57 2
58 2
59 2
60 2
61 2
62 2
63 2
64 2
65 2
66 2
67 2
68 2
69 2
70 2
71 2
72 2
73 2
74 2
75 2
76 2
77 2
78 2
79 2
80 2
81 2
82 2
83 2
84 2
85 2
86 2
87 2
88 2
89 2
90 2
91 2
92 2
93 2
94 2
95 2
96 2
97 3
98 3
99 3
100 3
101 3
102 3
103 3
104 3
105 3
106 3
107 3
108 3
109 3
110 3
111 3
112 3
113 3
114 3
115 3
116 3
117 3
118 3
119 3
120 3
121 3
122 3
123 3
124 3
125 3
126 3
127 3
128 3
129 3
130 3
131 3
132 3
133 3
134 3
135 3
136 3
137 3
138 3
139 3
140 3
141 3
142 3
143 3
144 3
147 5
148 5
149 5
150 5
151 5
152 5
153 5
154 5
155 5
156 5
157 5
158 5
159 5
160 5
161 5
162 5
163 5
164 5
165 5
166 5
167 5
168 5
169 5
170 5
171 5
172 5
173 5
174 6
175 6
176 6
177 6
178 6
179 6
180 6
181 6
182 6
183 6
184 6
185 6
186 6
187 6
188 6
189 6
190 6
191 6
192 6
193 6
194 6
195 6
196 6
197 6
198 6
199 6
200 6
201 6
202 6
203 6
204 6
205 6
206 6
207 6
208 6
209 6
210 6
211 6
212 6
213 6
214 6
215 6
216 6
217 6
218 6
219 6
220 6
221 6
222 6
223 6
224 6
225 6
257 15
258 15
259 15
260 15
261 15
262 15
263 15
264 15
265 15
266 15
267 15
268 15
269 15
270 15
271 15
272 15
273 15
274 15
275 15
276 15
277 15
278 15
279 15
280 16
281 16
282 16
283 16
284 16
285 16
286 16
287 16
288 16
289 16
290 16
291 16
292 16
293 16
294 16
295 16
313 20
314 20
315 20
316 20
317 20
318 20
319 20
320 20
321 20
322 20
323 20
324 20
325 20
326 20
327 20
328 20
329 20
330 20
331 20
340 23
341 23
342 23
343 23
344 23
345 23
346 23
347 23
348 23
349 23
350 23
351 23
352 23
353 23
354 23
355 23
356 23
357 23
358 23
359 23
360 23
361 23
362 23
363 23
364 23
365 23
366 23
367 23
368 23
369 23
370 23
371 23
372 23
373 23
374 23
375 23
376 23
377 23
385 29
386 29
387 29
388 29
389 29
390 29
391 29
392 29
393 29
394 29
395 29
396 29
397 29
398 29
399 29
400 29
401 30
402 30
403 30
404 30
405 30
406 30
407 30
408 30
409 30
410 30
411 30
412 30
413 30
