0 1
1 1
2 1
3 1
4 1
5 1
6 1
7 1
8 1
9 1
10 1
11 1
12 1
13 1
14 1
15 1
16 1
17 1
18 1
19 1
20 1
21 1
22 1
23 1
24 1
25 1
26 1
27 1
28 1
29 1
30 1
31 1
32 1
33 1
34 1
35 1
36 1
37 1
38 1
39 1
40 1
41 1
48 4
49 4
50 4
51 4
52 4
53 4
54 4
55 4
56 4
57 4
58 4
60 6
61 6
62 6
63 6
64 6
65 6
66 6
67 6
68 6
69 6
70 6
71 6
72 6
73 6
74 6
75 6
76 6
77 6
78 6
79 6
80 6
81 6
82 6
83 6
84 6
85 6
86 6
87 6
88 6
89 6
90 6
91 6
92 6
93 6
94 6
95 6
96 6
97 6
98 6
99 6
100 7
101 7
102 7
103 7
104 7
105 7
106 7
107 7
108 7
109 7
111 10
112 10
113 10
114 10
115 10
116 10
117 10
118 10
119 10
120 10
121 10
122 10
123 10
124 10
125 10
126 10
127 10
128 10
129 10
130 10
131 10
132 10
133 10
134 10
135 10
136 10
137 10
138 10
139 10
140 10
141 10
142 10
143 10
144 10
145 10
146 10
147 10
148 10
149 10
150 10
151 10
152 10
153 10
154 10
155 10
156 10
157 10
158 10
159 10
160 10
161 10
162 10
163 10
164 10
165 10
166 10
167 10
168 10
169 10
170 10
171 10
172 10
173 10
174 10
175 10
176 10
177 10
178 10
179 10
180 10
181 10
182 10
183 10
184 10
185 10
186 10
187 10
188 10
189 10
190 10
191 10
192 10
193 10
194 10
195 10
196 10
197 10
198 10
199 10
200 10
201 10
202 10
203 10
204 10
205 10
206 10
207 10
208 10
209 10
210 10
211 10
212 10
213 10
214 10
215 10
216 10
217 11
218 11
219 11
220 11
221 11
222 11
223 11
224 11
225 11
226 11
227 11
228 11
229 11
230 11
231 11
232 11
233 11
234 11
235 11
236 11
237 11
238 11
239 11
240 11
241 11
242 11
243 11
244 11
245 11
246 11
247 11
254 14
255 14
256 14
257 14
258 14
259 14
260 14
261 14
262 14
263 14
264 14
265 14
266 15
267 15
268 15
269 15
270 15
271 15
272 15
273 15
274 15
275 15
276 15
277 15
278 16
279 16
280 16
281 16
282 16
283 16
284 16
285 16
286 16
287 16
326 27
327 27
328 27
329 27
330 27
331 27
332 27
333 27
334 27
335 27
336 27
337 27
338 27
339 27
340 27
341 27
342 27
343 27
344 27
345 27
346 27
347 27
348 27
349 27
350 27
351 27
352 27
353 27
354 27
355 27
356 27
357 27
358 27
359 27
360 27
361 27
362 27
363 27
364 27
365 27
366 28
367 28
368 28
369 28
370 28
371 28
372 28
373 28
374 28
375 28
376 28
377 29
378 29
379 29
380 29
381 29
382 29
383 29
384 29
385 29
386 29
406 36
407 36
408 36
409 36
410 36
411 36
412 36
413 36
414 36
415 36
416 36
417 36
