0 1
1 1
2 1
3 1
4 1
5 1
6 1
7 1
8 1
9 1
10 1
11 1
12 1
13 1
14 1
15 1
16 1
17 1
18 1
19 1
20 1
21 1
22 1
23 1
24 1
25 1
26 1
27 1
28 1
29 1
30 1
31 1
32 1
33 1
34 2
35 2
36 2
37 2
38 2
39 2
40 2
41 2
42 2
43 2
44 2
45 2
46 2
47 2
48 2
49 2
50 2
51 2
52 2
53 2
54 2
55 2
56 2
57 2
58 2
59 2
60 2
61 2
62 2
63 2
64 2
65 2
66 2
67 2
68 2
69 2
70 2
71 2
72 2
73 2
74 2
75 2
76 2
77 2
78 2
79 2
80 2
81 2
82 2
83 2
84 2
85 2
86 2
87 2
88 2
89 2
90 2
91 2
92 2
93 2
94 2
95 2
96 2
97 2
98 2
99 2
100 2
101 2
102 2
103 2
104 2
105 2
106 2
107 3
108 3
109 3
110 3
111 3
112 3
113 3
114 3
115 3
116 3
117 3
118 3
119 3
120 3
121 3
122 3
123 3
124 4
125 4
126 4
127 4
128 4
129 4
130 4
131 4
132 4
133 4
134 4
135 4
136 4
137 4
138 4
139 4
140 4
141 4
142 4
143 4
144 4
145 4
146 4
147 4
148 4
149 4
150 4
151 4
152 4
153 4
154 4
155 4
156 4
157 4
158 4
159 4
160 4
161 4
162 4
163 4
164 4
165 4
166 4
167 4
168 4
169 4
170 4
171 4
172 4
173 4
174 4
175 4
176 4
177 4
178 4
179 4
180 4
181 4
182 4
183 4
184 4
185 4
186 4
187 4
188 4
189 4
190 4
191 4
192 4
193 4
194 4
195 4
196 4
197 4
198 4
199 4
200 4
201 4
202 4
203 4
204 4
205 4
206 4
207 4
208 4
209 4
210 4
211 4
212 4
213 5
214 5
215 5
216 5
217 5
218 5
219 5
220 5
221 5
222 5
223 5
224 5
225 5
226 5
227 5
228 5
229 5
230 5
231 5
232 6
233 6
234 6
235 6
236 6
237 6
238 6
239 6
240 6
241 6
242 6
243 6
244 6
245 6
246 6
247 6
248 6
249 6
250 6
251 6
252 6
253 6
254 6
255 6
256 6
257 6
258 6
259 6
260 6
261 6
262 6
263 6
264 6
265 6
266 6
267 6
268 6
269 6
270 6
271 6
272 6
273 6
274 6
275 6
276 6
277 6
278 7
279 7
280 7
281 7
282 7
283 7
284 7
285 7
286 7
287 7
288 7
289 7
290 7
291 7
292 7
293 7
294 7
302 10
303 10
304 10
305 10
306 10
307 10
308 10
309 10
310 10
311 10
312 10
313 10
314 10
315 10
316 10
317 10
318 10
319 10
320 10
321 11
322 11
323 11
324 11
325 11
326 11
327 11
328 11
329 11
330 11
331 11
332 11
333 11
334 11
335 11
336 11
344 13
345 13
346 13
347 13
348 13
349 13
350 13
351 13
352 13
353 13
354 13
355 13
356 13
357 13
358 13
359 13
360 13
361 13
362 13
363 13
364 13
365 13
366 13
367 13
368 13
369 13
370 13
371 13
372 13
373 13
374 13
375 13
376 13
377 13
378 13
379 13
380 13
381 13
382 13
383 13
384 13
385 13
386 13
387 13
388 13
389 13
390 13
391 13
392 13
393 13
394 13
395 13
396 13
397 13
398 13
399 13
400 13
401 13
402 13
403 13
404 13
417 23
418 23
419 23
420 23
421 23
422 23
423 23
424 23
425 23
426 23
427 23
428 23
429 23
430 23
431 23
432 23
433 23
434 23
435 23
436 23
437 23
438 23
439 23
440 23
441 23
442 23
443 23
444 23
445 23
446 23
447 23
448 23
449 23
450 23
451 23
452 23
453 23
467 28
468 28
469 28
470 28
471 28
472 28
473 28
474 28
475 28
476 28
477 29
478 29
479 29
480 29
481 29
482 29
483 29
484 29
485 29
486 29
487 29
488 29
489 29
490 29
491 29
492 29
493 29
494 29
495 29
496 29
497 29
498 29
499 29
500 29
501 29
502 29
503 29
504 29
505 29
506 29
507 29
508 29
509 29
510 29
511 29
512 29
513 29
514 29
515 29
516 29
517 29
518 29
519 29
520 29
521 29
522 29
523 29
524 29
559 46
560 46
561 46
562 46
563 46
564 46
565 46
566 46
567 46
568 46
569 46
602 66
603 66
604 66
605 66
606 66
607 66
608 66
609 66
610 66
611 66
