5 2
6 2
7 2
8 2
9 2
10 2
11 2
12 2
13 2
14 2
15 2
16 2
17 2
18 2
19 2
20 2
21 2
22 2
23 2
24 2
25 2
26 2
34 9
35 9
36 9
37 9
38 9
39 9
40 9
41 9
42 9
43 9
44 9
45 9
46 9
47 9
48 9
49 9
50 9
51 9
52 9
53 9
54 9
55 9
56 9
57 9
58 10
59 10
60 10
61 10
62 10
63 10
64 10
65 10
66 10
67 10
68 10
69 10
70 10
71 11
72 11
73 11
74 11
75 11
76 11
77 11
78 11
79 11
80 11
81 11
82 11
83 11
84 11
85 11
86 11
90 15
91 15
92 15
93 15
94 15
95 15
96 15
97 15
98 15
99 15
100 15
101 15
102 15
103 15
104 15
105 15
106 15
107 15
108 15
109 15
110 15
111 15
112 15
113 15
114 15
115 15
116 15
117 15
118 15
119 15
120 15
121 15
122 15
123 15
124 15
145 24
146 24
147 24
148 24
149 24
150 24
151 24
152 24
153 24
154 24
155 24
156 24
157 24
158 24
159 24
160 24
