0 1
1 1
2 1
3 1
4 1
5 1
6 1
7 1
8 1
9 1
10 1
11 1
12 1
13 1
14 1
15 1
16 1
17 1
18 1
19 1
20 1
21 1
22 1
23 1
24 1
25 1
26 1
27 1
28 1
29 1
30 1
31 1
32 1
33 1
34 1
35 1
36 1
37 1
38 1
39 1
40 1
41 1
42 1
43 1
44 1
45 1
46 1
47 1
48 1
49 1
50 1
51 1
52 1
53 1
54 1
55 1
56 1
57 1
58 1
59 1
60 1
61 1
62 1
63 1
64 1
65 1
66 1
67 1
68 1
69 1
70 1
71 1
72 1
73 1
74 1
75 1
76 1
77 1
78 1
79 1
80 1
81 1
82 1
83 1
84 1
85 1
86 1
87 1
88 1
89 1
90 1
91 1
92 1
93 1
94 1
95 1
96 1
97 1
98 1
99 1
100 1
101 1
102 1
103 1
104 1
105 1
106 1
107 1
108 1
109 1
110 1
111 1
112 1
113 1
114 1
115 1
116 1
117 1
118 1
119 1
120 1
121 1
122 1
123 1
124 1
125 1
126 1
127 1
128 1
129 1
130 1
131 1
132 1
133 1
134 1
135 1
136 1
137 1
138 1
139 1
140 1
141 1
142 1
143 1
144 1
145 1
146 1
147 1
148 2
149 2
150 2
151 2
152 2
153 2
154 2
155 2
156 2
157 2
158 2
159 2
160 2
161 2
162 2
163 2
164 2
165 2
166 2
167 2
168 2
169 2
170 2
171 2
172 2
173 2
174 2
175 2
176 2
177 2
178 2
179 2
180 2
181 2
182 2
183 2
184 2
185 2
186 2
187 2
188 2
189 2
190 2
191 2
192 2
193 2
194 2
195 2
196 2
197 2
198 2
199 2
200 2
201 2
202 2
203 2
204 2
205 2
206 2
207 2
208 2
209 2
210 2
211 2
212 2
213 2
214 2
215 2
216 2
217 2
218 2
219 2
220 2
221 2
222 2
223 2
224 2
225 2
226 2
227 2
228 2
229 2
230 2
231 2
232 2
233 3
234 3
235 3
236 3
237 3
238 3
239 3
240 3
241 3
242 3
243 3
244 3
245 3
246 3
247 3
248 3
249 3
250 3
251 4
252 4
253 4
254 4
255 4
256 4
257 4
258 4
259 4
260 4
261 4
262 4
263 4
264 4
265 4
266 4
267 4
268 4
269 4
270 4
271 4
272 4
273 4
274 4
275 4
276 4
277 4
278 5
279 5
280 5
281 5
282 5
283 5
284 5
285 5
286 5
287 5
288 5
289 5
290 5
291 5
292 5
293 5
294 5
295 5
296 5
297 5
298 5
299 5
300 5
301 5
302 5
303 5
304 5
305 5
306 5
307 5
317 7
318 7
319 7
320 7
321 7
322 7
323 7
324 7
325 7
326 7
327 7
328 7
342 10
343 10
344 10
345 10
346 10
347 10
348 10
349 10
350 10
351 10
352 10
358 12
359 12
360 12
361 12
362 12
363 12
364 12
365 12
366 12
367 12
368 12
369 12
370 12
371 12
372 12
373 12
374 12
375 12
376 12
377 12
378 12
379 12
380 12
381 12
382 12
383 12
384 12
385 12
386 12
387 12
388 12
389 12
390 12
391 12
392 12
393 12
394 12
395 12
396 12
397 12
398 12
399 12
400 12
401 12
402 12
403 12
404 12
405 12
406 12
407 12
408 12
409 12
410 12
411 12
412 12
413 12
414 12
415 12
416 12
417 12
418 12
419 12
420 12
421 12
422 12
423 12
424 12
425 12
426 12
427 12
428 12
429 12
430 12
431 12
432 12
433 12
434 12
435 12
436 12
437 12
438 12
439 12
440 12
441 12
442 12
443 12
444 12
445 12
446 12
447 12
448 12
449 12
450 12
451 12
452 12
453 12
454 12
455 12
456 12
457 12
458 12
459 13
460 13
461 13
462 13
463 13
464 13
465 13
466 13
467 13
468 13
469 13
470 13
471 13
472 13
473 13
474 13
475 13
476 13
477 13
478 13
479 13
480 13
481 13
482 13
483 13
484 13
485 13
486 13
487 13
488 13
489 13
490 13
491 13
492 13
493 13
494 13
495 13
496 13
497 13
498 13
499 13
500 13
501 13
502 13
503 13
504 13
505 13
506 13
507 13
508 13
509 13
510 13
511 13
512 13
513 13
514 13
515 13
516 13
517 13
518 13
519 13
520 13
521 14
522 14
523 14
524 14
525 14
526 14
527 14
528 14
529 14
530 14
531 14
532 14
533 14
534 14
535 14
536 16
537 16
538 16
539 16
540 16
541 16
542 16
543 16
544 16
545 16
546 16
547 16
556 18
557 18
558 18
559 18
560 18
561 18
562 18
563 18
564 18
565 18
566 18
587 22
588 22
589 22
590 22
591 22
592 22
593 22
594 22
595 22
596 22
597 22
598 22
601 25
602 25
603 25
604 25
605 25
606 25
607 25
608 25
609 25
610 25
611 25
612 25
613 25
614 25
615 25
616 26
617 26
618 26
619 26
620 26
621 26
622 26
623 26
624 26
625 26
631 29
632 29
633 29
634 29
635 29
636 29
637 29
638 29
639 29
640 29
641 29
642 29
644 31
645 31
646 31
647 31
648 31
649 31
650 31
651 31
652 31
653 31
654 31
655 31
656 31
657 31
658 31
659 31
660 31
661 31
669 33
670 33
671 33
672 33
673 33
674 33
675 33
676 33
677 33
678 33
679 33
684 35
685 35
686 35
687 35
688 35
689 35
690 35
691 35
692 35
693 35
749 52
750 52
751 52
752 52
753 52
754 52
755 52
756 52
757 52
758 52
773 55
774 55
775 55
776 55
777 55
778 55
779 55
780 55
781 55
782 55
783 55
784 55
785 55
786 55
787 55
788 55
789 56
790 56
791 56
792 56
793 56
794 56
795 56
796 56
797 56
798 56
799 56
800 56
801 56
802 56
803 56
804 56
805 56
806 56
807 56
825 66
826 66
827 66
828 66
829 66
830 66
831 66
832 66
833 66
834 66
835 66
836 66
837 66
838 66
839 66
840 66
841 66
842 66
843 66
844 66
845 66
846 66
847 66
848 66
849 66
850 66
851 66
852 66
853 66
854 66
855 66
863 72
864 72
865 72
866 72
867 72
868 72
869 72
870 72
871 72
872 72
873 72
874 72
875 72
876 72
877 72
878 72
879 72
880 72
881 72
882 72
912 82
913 82
914 82
915 82
916 82
917 82
918 82
919 82
920 82
921 82
922 82
923 82
924 82
925 82
926 82
943 90
944 90
945 90
946 90
947 90
948 90
949 90
950 90
951 90
952 90
953 90
987 102
988 102
989 102
990 102
991 102
992 102
993 102
994 102
995 102
996 102
997 102
998 102
999 102
1000 102
1001 102
1014 111
1015 111
1016 111
1017 111
1018 111
1019 111
1020 111
1021 111
1022 111
1023 111
1024 111
1025 111
1026 111
1027 111
1028 111
1029 111
1030 111
