3 2
4 2
5 2
6 2
7 2
8 2
9 2
10 2
11 2
12 2
13 2
14 2
15 2
16 2
17 2
18 2
19 2
20 2
21 2
22 2
23 2
24 2
25 2
26 2
27 2
28 2
29 2
30 2
49 10
50 10
51 10
52 10
53 10
54 10
55 10
56 10
57 10
58 10
59 10
60 10
61 10
62 10
63 10
64 10
65 10
66 10
67 10
68 10
69 11
70 11
71 11
72 11
73 11
74 11
75 11
76 11
77 11
78 11
79 11
80 11
81 11
82 11
83 11
84 11
85 11
86 11
87 11
88 11
89 11
90 11
91 11
92 11
93 11
94 11
95 11
96 11
97 11
98 11
99 11
100 11
101 11
102 11
103 11
104 11
105 11
131 18
132 18
133 18
134 18
135 18
136 18
137 18
138 18
139 18
140 18
141 18
142 18
143 18
144 18
145 18
146 18
147 18
148 18
149 18
150 19
151 19
152 19
153 19
154 19
155 19
156 19
157 19
158 19
159 19
160 19
161 19
162 19
163 19
164 19
165 19
166 19
167 19
168 19
169 19
170 19
171 19
172 20
173 20
174 20
175 20
176 20
177 20
178 20
179 20
180 20
181 20
182 20
183 20
184 20
185 20
186 20
187 20
188 20
189 20
193 22
194 22
195 22
196 22
197 22
198 22
199 22
200 22
201 22
202 22
203 22
204 22
207 25
208 25
209 25
210 25
211 25
212 25
213 25
214 25
215 25
216 25
217 25
218 25
219 25
220 25
221 25
222 26
223 26
224 26
225 26
226 26
227 26
228 26
229 26
230 26
231 26
232 27
233 27
234 27
235 27
236 27
237 27
238 27
239 27
240 27
241 27
242 27
243 27
244 27
245 27
246 27
247 27
248 27
249 27
253 29
254 29
255 29
256 29
257 29
258 29
259 29
260 29
261 29
262 29
263 29
264 29
265 29
266 29
267 29
268 29
269 29
310 45
311 45
312 45
313 45
314 45
315 45
316 45
317 45
318 45
319 45
320 46
321 46
322 46
323 46
324 46
325 46
326 46
327 46
328 46
329 46
330 46
331 46
332 46
333 46
334 46
335 46
336 46
337 46
344 48
345 48
346 48
347 48
348 48
349 48
350 48
351 48
352 48
353 48
354 48
355 48
356 48
357 48
370 55
371 55
372 55
373 55
374 55
375 55
376 55
377 55
378 55
379 55
380 55
415 73
416 73
417 73
418 73
419 73
420 73
421 73
422 73
423 73
424 73
425 73
426 73
427 73
428 73
429 73
430 73
431 73
432 73
433 73
434 73
435 73
436 73
437 73
438 73
439 73
447 75
448 75
449 75
450 75
451 75
452 75
453 75
454 75
455 75
456 75
457 75
