0 1
1 1
2 1
3 1
4 1
5 1
6 1
7 1
8 1
9 1
10 1
11 1
12 1
13 1
14 1
15 1
16 1
17 1
18 1
19 1
20 1
21 1
22 1
23 1
24 1
25 1
26 1
27 1
28 1
29 1
30 1
31 1
32 1
33 1
34 1
35 1
36 1
37 1
38 1
39 1
40 1
41 1
42 1
43 1
44 1
45 1
46 1
47 1
48 1
49 1
50 1
51 1
52 1
53 1
54 1
55 1
56 1
57 1
58 1
59 1
60 1
61 1
62 1
63 1
64 1
65 1
66 1
67 1
68 1
69 1
70 1
71 1
72 1
73 1
74 1
75 1
76 1
77 1
78 1
79 1
80 1
81 1
82 1
83 1
84 1
85 3
86 3
87 3
88 3
89 3
90 3
91 3
92 3
93 3
94 3
95 3
96 3
97 3
98 3
99 3
100 3
101 3
102 3
103 3
104 3
105 3
106 3
107 3
108 3
109 3
110 3
111 3
112 3
113 3
114 3
115 3
116 3
117 3
118 3
119 3
120 3
121 3
122 3
123 3
124 3
125 3
126 3
127 3
128 3
129 3
130 3
131 3
132 3
133 3
134 3
135 3
136 3
137 3
138 3
139 3
140 3
141 3
142 3
143 3
144 3
145 3
146 3
147 3
148 3
149 3
150 4
151 4
152 4
153 4
154 4
155 4
156 4
157 4
158 4
159 4
160 4
161 4
162 4
163 4
164 4
165 4
166 4
167 4
168 4
169 4
170 4
171 4
172 4
173 4
174 4
175 4
176 4
177 4
178 4
179 4
180 4
181 4
182 4
183 4
184 4
185 4
186 4
187 4
188 4
189 4
190 4
191 4
192 4
193 5
194 5
195 5
196 5
197 5
198 5
199 5
200 5
201 5
202 5
203 5
204 5
205 5
206 5
207 5
208 5
209 5
210 5
211 5
212 5
213 5
214 5
215 5
216 5
217 5
218 5
219 5
220 5
221 5
222 5
223 5
224 5
225 5
226 5
227 5
228 5
229 5
230 5
231 5
232 5
233 5
234 5
235 5
236 5
237 5
238 5
239 5
240 5
241 5
242 5
243 5
244 5
245 5
246 5
247 5
248 5
249 5
250 5
251 5
252 5
253 5
254 5
255 5
256 5
257 5
258 5
259 5
260 5
261 5
262 5
263 5
264 5
265 5
266 5
267 5
268 5
269 5
270 5
271 5
272 5
273 5
274 5
275 5
276 5
277 5
278 5
279 5
280 6
281 6
282 6
283 6
284 6
285 6
286 6
287 6
288 6
289 6
290 6
291 6
292 6
293 6
294 6
295 6
296 6
297 6
298 6
299 6
300 6
301 6
302 6
303 6
304 6
305 6
306 6
307 6
308 6
309 6
310 6
311 6
312 6
313 6
314 6
315 6
316 6
317 6
318 6
319 6
320 6
321 6
322 6
323 6
324 6
331 8
332 8
333 8
334 8
335 8
336 8
337 8
338 8
339 8
340 8
341 8
342 8
343 8
344 9
345 9
346 9
347 9
348 9
349 9
350 9
351 9
352 9
353 9
354 9
355 9
356 9
357 9
358 9
359 9
360 9
361 9
362 9
363 9
364 9
365 9
366 9
367 9
368 9
369 9
370 9
371 9
372 9
373 9
374 9
375 9
376 9
377 9
378 9
379 9
380 9
381 9
382 10
383 10
384 10
385 10
386 10
387 10
388 10
389 10
390 10
391 10
392 10
393 11
394 11
395 11
396 11
397 11
398 11
399 11
400 11
401 11
402 11
403 11
404 12
405 12
406 12
407 12
408 12
409 12
410 12
411 12
412 12
413 12
414 12
415 12
416 12
417 12
418 12
419 12
420 12
421 12
422 12
423 12
424 12
425 12
426 12
427 12
428 12
429 12
430 12
443 18
444 18
445 18
446 18
447 18
448 18
449 18
450 18
451 18
452 18
453 18
454 18
455 18
456 18
457 18
458 18
459 18
460 18
461 18
462 18
463 18
464 18
465 18
498 25
499 25
500 25
501 25
502 25
503 25
504 25
505 25
506 25
507 25
508 25
509 25
515 29
516 29
517 29
518 29
519 29
520 29
521 29
522 29
523 29
524 29
525 29
526 29
527 29
528 29
529 29
530 29
531 29
532 29
533 29
534 29
535 29
536 29
537 29
538 29
539 29
540 29
541 29
542 29
543 29
544 29
545 29
546 29
547 29
548 29
549 29
550 29
551 29
552 29
553 29
554 29
555 29
556 29
557 29
558 29
559 29
560 29
561 29
562 29
563 29
564 29
565 29
566 29
567 29
568 29
569 29
570 29
571 29
572 29
573 29
574 29
575 29
576 29
577 29
578 29
579 29
580 29
581 29
582 29
583 29
584 29
585 29
586 29
587 30
588 30
589 30
590 30
591 30
592 30
593 30
594 30
595 30
596 30
597 30
598 30
599 30
600 30
601 30
602 30
603 30
604 30
605 30
606 30
607 30
608 30
609 30
610 30
611 30
612 30
613 30
614 30
615 30
616 30
617 30
618 30
619 30
620 30
621 30
622 30
623 30
624 30
625 30
626 30
627 31
628 31
629 31
630 31
631 31
632 31
633 31
634 31
635 31
636 31
637 31
638 31
639 31
640 31
641 31
642 31
643 31
644 31
645 31
646 31
647 31
648 31
649 31
650 31
651 31
652 31
653 31
654 31
655 31
656 31
657 31
658 31
659 31
660 31
661 31
662 31
663 31
664 31
665 31
666 31
667 31
668 31
669 31
670 31
671 32
672 32
673 32
674 32
675 32
676 32
677 32
678 32
679 32
680 32
681 32
682 32
683 32
684 32
685 32
686 32
687 32
688 32
701 35
702 35
703 35
704 35
705 35
706 35
707 35
708 35
709 35
710 35
716 37
717 37
718 37
719 37
720 37
721 37
722 37
723 37
724 37
725 37
761 54
762 54
763 54
764 54
765 54
766 54
767 54
768 54
769 54
770 54
771 54
772 55
773 55
774 55
775 55
776 55
777 55
778 55
779 55
780 55
781 55
782 55
783 55
784 55
785 55
786 55
787 55
788 55
789 55
790 55
796 59
797 59
798 59
799 59
800 59
801 59
802 59
803 59
804 59
805 59
806 59
807 59
808 59
809 59
810 59
811 59
812 59
813 59
826 62
827 62
828 62
829 62
830 62
831 62
832 62
833 62
834 62
835 62
836 62
837 62
838 62
865 69
866 69
867 69
868 69
869 69
870 69
871 69
872 69
873 69
874 69
875 69
876 69
877 69
878 70
879 70
880 70
881 70
882 70
883 70
884 70
885 70
886 70
887 70
888 70
889 70
890 71
891 71
892 71
893 71
894 71
895 71
896 71
897 71
898 71
899 71
900 71
901 71
912 79
913 79
914 79
915 79
916 79
917 79
918 79
919 79
920 79
921 79
933 85
934 85
935 85
936 85
937 85
938 85
939 85
940 85
941 85
942 85
943 85
944 85
945 85
946 85
947 85
948 85
949 85
950 85
969 100
970 100
971 100
972 100
973 100
974 100
975 100
976 100
977 100
978 100
