0 1
1 1
2 1
3 1
4 1
5 1
6 1
7 1
8 1
9 1
10 1
11 1
12 1
13 1
14 1
15 1
16 1
17 1
18 1
19 1
20 1
21 1
22 1
23 1
24 1
25 1
26 1
27 1
28 1
29 1
30 1
31 1
32 1
33 1
34 1
35 1
36 1
37 1
38 1
39 1
40 1
41 1
42 1
43 1
44 1
45 1
46 1
47 1
48 1
49 1
50 1
51 1
52 1
53 1
54 1
55 1
56 1
57 1
58 1
59 1
60 1
61 1
62 1
63 1
64 1
65 1
66 1
67 1
68 1
69 1
70 1
71 1
72 1
73 1
74 1
75 1
76 1
77 1
78 1
79 1
80 1
81 1
82 1
83 1
84 1
85 1
86 1
87 1
88 1
89 1
90 1
91 1
92 1
93 1
94 1
95 1
96 1
97 1
98 1
99 1
100 1
101 1
102 1
103 1
104 1
105 1
106 1
107 1
108 1
109 1
110 1
111 1
112 1
113 1
114 1
115 1
116 1
117 1
118 1
119 1
120 1
121 1
122 1
123 1
124 1
125 1
126 1
127 1
128 1
129 1
130 1
131 1
132 1
133 1
134 1
135 1
136 1
137 1
138 1
139 1
140 1
141 1
142 1
143 1
144 1
145 1
146 2
147 2
148 2
149 2
150 2
151 2
152 2
153 2
154 2
155 2
156 2
157 2
158 2
166 7
167 7
168 7
169 7
170 7
171 7
172 7
173 7
174 7
175 7
178 11
179 11
180 11
181 11
182 11
183 11
184 11
185 11
186 11
187 11
188 11
189 11
190 11
191 11
192 11
193 11
194 11
195 11
196 11
197 11
198 11
199 11
200 11
201 11
235 17
236 17
237 17
238 17
239 17
240 17
241 17
242 17
243 17
244 17
245 17
246 17
247 17
248 17
249 17
250 17
251 17
252 17
253 17
254 17
255 17
256 17
257 17
258 17
259 17
260 17
261 17
262 17
263 17
264 17
265 17
266 17
267 17
268 17
269 17
270 17
271 17
272 17
273 17
274 17
275 17
276 17
277 17
278 17
279 17
280 17
281 17
282 17
283 17
284 17
285 17
286 17
287 17
288 17
289 17
290 17
291 17
292 17
293 17
294 17
295 18
296 18
297 18
298 18
299 18
300 18
301 18
302 18
303 18
304 18
305 18
306 18
307 18
308 18
309 18
310 18
311 18
312 18
313 19
314 19
315 19
316 19
317 19
318 19
319 19
320 19
321 19
322 19
323 19
324 19
325 19
326 19
327 19
328 19
329 19
330 19
331 19
332 19
333 19
334 19
335 19
336 19
337 19
338 19
339 19
340 19
341 19
342 19
343 19
351 21
352 21
353 21
354 21
355 21
356 21
357 21
358 21
359 21
360 21
361 21
362 21
379 27
380 27
381 27
382 27
383 27
384 27
385 27
386 27
387 27
388 27
389 27
390 27
391 27
392 27
393 27
394 27
395 27
396 27
397 28
398 28
399 28
400 28
401 28
402 28
403 28
404 28
405 28
406 28
407 28
408 28
409 28
410 28
411 28
417 31
418 31
419 31
420 31
421 31
422 31
423 31
424 31
425 31
426 31
427 32
428 32
429 32
430 32
431 32
432 32
433 32
434 32
435 32
436 32
464 46
465 46
466 46
467 46
468 46
469 46
470 46
471 46
472 46
473 46
474 46
