0 1
1 1
2 1
3 1
4 1
5 1
6 1
7 1
8 1
9 1
10 1
11 1
12 1
13 1
14 1
15 1
16 1
17 1
33 4
34 4
35 4
36 4
37 4
38 4
39 4
40 4
41 4
42 4
43 4
44 4
45 4
46 4
47 4
48 4
49 4
50 4
51 4
52 4
53 5
54 5
55 5
56 5
57 5
58 5
59 5
60 5
61 5
62 5
63 5
64 5
65 5
66 5
67 5
68 5
69 5
70 5
71 5
72 5
73 5
74 5
81 8
82 8
83 8
84 8
85 8
86 8
87 8
88 8
89 8
90 8
91 8
92 8
93 8
94 8
95 8
96 8
97 8
98 8
99 8
100 8
101 8
102 8
103 8
104 8
105 8
106 8
107 8
108 8
109 8
110 8
111 8
112 8
113 8
114 8
115 8
116 8
117 8
118 8
119 8
120 8
121 9
122 9
123 9
124 9
125 9
126 9
127 9
128 9
129 9
130 9
131 9
132 9
133 9
134 9
136 12
137 12
138 12
139 12
140 12
141 12
142 12
143 12
144 12
145 12
146 12
147 12
148 12
149 12
150 12
151 12
152 12
153 12
163 15
164 15
165 15
166 15
167 15
168 15
169 15
170 15
171 15
172 15
173 15
174 15
175 15
176 15
177 15
185 17
186 17
187 17
188 17
189 17
190 17
191 17
192 17
193 17
194 17
195 17
196 17
197 17
198 17
199 17
200 17
201 17
202 17
203 17
204 17
205 17
206 17
207 17
208 17
209 17
210 17
211 17
212 17
213 17
214 17
215 17
216 17
217 17
218 17
219 17
220 17
221 17
222 17
223 17
224 17
225 17
226 17
227 17
228 17
229 17
230 17
231 17
232 17
233 17
234 17
235 17
236 17
260 23
261 23
262 23
263 23
264 23
265 23
266 23
267 23
268 23
269 23
270 23
271 24
272 24
273 24
274 24
275 24
276 24
277 24
278 24
279 24
280 24
281 24
282 24
283 24
284 24
285 24
286 24
287 24
288 24
289 24
290 24
291 24
292 24
293 24
294 24
295 24
307 27
308 27
309 27
310 27
311 27
312 27
313 27
314 27
315 27
316 27
317 27
318 27
319 27
320 27
321 27
322 27
323 27
324 27
325 27
326 27
327 27
328 27
329 27
330 28
331 28
332 28
333 28
334 28
335 28
336 28
337 28
338 28
339 28
340 28
