43 13
44 13
45 13
46 13
47 13
48 13
49 13
50 13
51 13
52 13
53 13
54 13
55 13
56 13
57 13
58 13
64 16
65 16
66 16
67 16
68 16
69 16
70 16
71 16
72 16
73 16
74 16
75 16
76 16
77 16
78 16
79 16
80 16
81 16
82 16
83 17
84 17
85 17
86 17
87 17
88 17
89 17
90 17
91 17
92 17
93 17
94 17
95 17
96 17
97 17
98 17
99 17
114 20
115 20
116 20
117 20
118 20
119 20
120 20
121 20
122 20
123 20
139 24
140 24
141 24
142 24
143 24
144 24
145 24
146 24
147 24
148 24
149 24
150 24
151 24
152 24
153 24
154 24
155 24
197 44
198 44
199 44
200 44
201 44
202 44
203 44
204 44
205 44
206 44
207 44
208 44
209 44
210 44
211 44
212 44
213 44
217 49
218 49
219 49
220 49
221 49
222 49
223 49
224 49
225 49
226 49
227 49
228 49
229 49
