0 1
1 1
2 1
3 1
4 1
5 1
6 1
7 1
8 1
9 1
10 1
11 1
12 1
13 1
14 1
15 1
16 1
17 1
18 1
19 1
20 1
21 1
22 1
23 1
24 1
25 1
26 1
27 1
28 1
29 1
30 1
31 1
32 1
33 1
34 1
35 1
36 1
37 1
38 1
39 1
40 1
41 1
42 1
43 1
44 1
45 1
46 1
47 1
48 1
49 1
50 1
51 1
52 1
53 1
54 1
55 1
56 1
57 2
58 2
59 2
60 2
61 2
62 2
63 2
64 2
65 2
66 2
67 2
68 2
69 2
70 2
71 2
72 2
73 2
74 2
75 2
76 2
77 2
78 2
79 2
80 2
81 2
82 2
83 2
84 2
85 2
86 2
87 2
88 2
89 2
90 2
91 2
92 2
93 2
94 2
95 2
96 2
97 2
98 2
99 2
100 2
101 2
102 2
103 2
104 2
105 2
106 2
107 2
108 2
109 2
110 2
111 2
112 2
113 2
114 2
115 2
116 2
121 5
122 5
123 5
124 5
125 5
126 5
127 5
128 5
129 5
130 5
131 5
132 5
133 5
134 5
135 6
136 6
137 6
138 6
139 6
140 6
141 6
142 6
143 6
144 6
145 6
146 6
147 6
148 6
149 6
150 6
151 6
152 6
153 6
154 6
155 6
156 6
157 6
158 6
159 6
160 6
161 6
162 6
163 6
164 6
165 6
166 6
167 6
168 6
169 6
170 6
171 6
172 6
173 6
174 6
175 6
176 6
177 6
178 6
179 6
180 6
181 6
182 6
183 6
184 6
185 6
186 6
187 6
188 6
189 6
190 6
191 6
192 6
193 6
194 6
195 6
196 6
198 8
199 8
200 8
201 8
202 8
203 8
204 8
205 8
206 8
207 8
208 8
209 8
210 8
211 8
212 8
213 8
214 8
215 8
216 8
217 8
218 8
219 8
220 8
221 8
231 10
232 10
233 10
234 10
235 10
236 10
237 10
238 10
239 10
240 10
241 10
242 10
243 10
244 10
245 10
246 10
247 10
248 10
249 10
250 10
251 10
252 10
253 10
254 11
255 11
256 11
257 11
258 11
259 11
260 11
261 11
262 11
263 11
264 11
265 11
266 11
267 11
268 11
269 11
270 11
271 11
272 11
273 11
274 11
275 11
276 11
277 11
278 11
279 11
280 11
281 11
282 11
283 11
284 11
285 11
286 11
287 11
288 11
289 11
290 11
291 11
292 11
293 11
294 12
295 12
296 12
297 12
298 12
299 12
300 12
301 12
302 12
303 12
304 12
305 12
306 12
307 12
308 12
309 12
310 12
311 12
312 12
313 12
314 12
315 12
316 12
317 12
318 12
319 12
320 12
321 12
322 12
323 12
324 12
325 12
326 12
327 12
328 12
329 12
330 12
331 12
332 12
333 12
334 12
335 12
336 12
337 12
338 13
339 13
340 13
341 13
342 13
343 13
344 13
345 13
346 13
347 13
348 13
349 13
350 13
351 13
352 13
353 13
354 13
355 13
356 13
357 13
358 14
359 14
360 14
361 14
362 14
363 14
364 14
365 14
366 14
367 14
368 14
369 14
370 14
371 14
372 14
373 14
374 14
375 14
376 14
377 14
378 14
379 14
380 15
381 15
382 15
383 15
384 15
385 15
386 15
387 15
388 15
389 15
390 15
391 15
392 15
393 15
394 15
395 15
396 15
397 15
398 15
399 15
400 15
401 15
402 15
403 15
404 15
405 15
406 15
407 15
408 15
411 17
412 17
413 17
414 17
415 17
416 17
417 17
418 17
419 17
420 17
421 17
422 17
423 17
424 17
425 17
426 17
427 17
428 17
429 17
430 17
431 17
432 17
433 17
434 17
435 17
436 17
437 17
438 17
439 17
440 17
441 17
442 17
443 17
444 17
445 17
446 17
447 18
448 18
449 18
450 18
451 18
452 18
453 18
454 18
455 18
456 18
457 18
458 18
474 25
475 25
476 25
477 25
478 25
479 25
480 25
481 25
482 25
483 25
484 25
485 25
486 25
487 25
488 25
489 25
490 25
491 25
492 25
493 25
494 25
495 25
496 25
497 25
498 25
499 25
500 25
501 25
502 25
503 25
504 25
505 25
506 25
511 27
512 27
513 27
514 27
515 27
516 27
517 27
518 27
519 27
520 27
521 27
522 27
