3 4
4 4
5 4
6 4
7 4
8 4
9 4
10 4
11 4
12 4
13 4
14 4
15 4
16 4
17 4
18 4
19 4
20 4
21 4
22 4
23 4
24 4
25 4
26 4
27 4
28 4
29 4
30 4
31 4
32 4
33 4
34 4
35 4
36 4
37 4
38 4
39 4
40 4
41 4
42 4
43 4
44 4
45 4
46 4
47 4
48 4
49 4
50 4
51 4
52 4
53 4
54 4
55 4
56 4
57 4
58 4
59 4
60 4
61 4
62 4
63 5
64 5
65 5
66 5
67 5
68 5
69 5
70 5
71 5
72 5
73 5
74 5
75 5
76 5
77 5
78 5
79 5
80 5
81 5
82 5
83 5
84 5
85 6
86 6
87 6
88 6
89 6
90 6
91 6
92 6
93 6
94 6
95 6
96 6
97 6
101 8
102 8
103 8
104 8
105 8
106 8
107 8
108 8
109 8
110 8
111 8
112 8
113 8
114 8
115 8
116 8
117 8
118 8
119 8
120 8
121 8
122 8
123 8
124 8
125 8
126 8
127 8
128 8
129 8
130 8
131 8
132 8
133 8
134 9
135 9
136 9
137 9
138 9
139 9
140 9
141 9
142 9
143 9
144 9
145 9
146 9
147 9
148 9
149 9
150 10
151 10
152 10
153 10
154 10
155 10
156 10
157 10
158 10
159 10
160 11
161 11
162 11
163 11
164 11
165 11
166 11
167 11
168 11
169 11
170 11
171 11
172 11
173 11
174 11
175 11
176 11
177 11
178 11
179 11
180 11
181 11
182 11
183 11
184 11
185 11
186 11
247 26
248 26
249 26
250 26
251 26
252 26
253 26
254 26
255 26
256 26
279 33
280 33
281 33
282 33
283 33
284 33
285 33
286 33
287 33
288 33
