0 1
1 1
2 1
3 1
4 1
5 1
6 1
7 1
8 1
9 1
10 2
11 2
12 2
13 2
14 2
15 2
16 2
17 2
18 2
19 2
20 2
21 2
22 2
23 2
24 2
25 2
26 2
27 2
28 2
29 2
30 2
31 2
32 2
33 2
34 2
35 2
36 2
37 2
38 2
39 2
40 2
41 2
42 2
43 2
44 2
45 2
46 2
47 2
48 2
49 2
50 2
51 2
52 2
53 2
54 2
55 2
56 2
57 2
58 2
59 2
60 2
61 2
62 2
63 2
64 2
65 2
66 3
67 3
68 3
69 3
70 3
71 3
72 3
73 3
74 3
75 3
76 3
77 3
78 3
79 3
80 3
81 3
82 3
83 3
84 3
85 3
86 3
87 4
88 4
89 4
90 4
91 4
92 4
93 4
94 4
95 4
96 4
97 4
98 4
99 4
100 4
101 4
102 4
103 4
104 4
105 4
106 4
107 4
108 4
109 4
110 4
111 4
112 4
113 4
114 5
115 5
116 5
117 5
118 5
119 5
120 5
121 5
122 5
123 5
124 5
125 6
126 6
127 6
128 6
129 6
130 6
131 6
132 6
133 6
134 6
135 6
136 6
137 6
138 6
139 6
140 6
141 6
142 6
143 6
144 6
145 6
146 6
147 6
148 6
149 6
150 6
155 8
156 8
157 8
158 8
159 8
160 8
161 8
162 8
163 8
164 8
165 8
166 8
167 8
168 8
169 8
201 21
202 21
203 21
204 21
205 21
206 21
207 21
208 21
209 21
210 21
211 21
