0 1
1 1
2 1
3 1
4 1
5 1
6 1
7 1
8 1
9 1
10 1
11 1
12 1
13 1
14 1
15 1
16 1
17 1
18 1
19 1
20 1
21 1
22 1
23 1
24 1
25 1
26 1
27 1
28 1
29 1
30 1
31 1
32 1
33 1
34 1
35 1
36 1
37 1
38 1
39 1
40 1
41 1
42 1
43 1
44 1
45 1
46 1
47 1
48 1
49 1
50 1
51 1
52 1
53 1
54 1
55 1
56 1
57 1
58 1
59 1
60 1
61 1
62 1
63 1
64 1
65 1
66 1
67 1
68 1
69 1
70 1
71 1
72 1
73 1
74 1
75 1
76 1
77 1
78 1
79 1
80 1
81 1
82 1
83 1
84 1
85 1
86 1
87 1
88 1
89 1
90 1
91 1
92 1
93 1
94 1
95 1
96 1
97 1
98 1
99 1
100 1
101 1
102 1
103 1
104 1
105 1
106 1
107 1
108 1
109 1
110 1
111 2
112 2
113 2
114 2
115 2
116 2
117 2
118 2
119 2
120 2
121 2
122 2
123 2
124 2
125 2
126 2
127 2
128 2
129 2
130 2
131 2
132 2
133 2
134 2
135 2
136 2
137 2
138 2
139 2
140 2
141 2
142 2
143 2
144 2
145 2
146 2
147 2
148 2
149 2
150 2
151 2
152 2
153 2
154 2
155 2
156 2
157 2
158 2
159 2
160 2
161 2
162 2
163 2
164 2
165 2
166 2
167 2
168 2
169 2
170 2
171 2
172 2
173 2
174 2
175 2
176 2
177 2
178 2
179 2
180 2
181 2
182 2
183 2
184 2
185 2
186 2
187 2
188 2
189 2
190 2
191 2
192 2
193 2
194 2
195 2
196 2
197 2
198 2
199 2
200 2
201 2
202 2
203 2
204 2
205 2
206 2
207 2
208 2
209 2
210 2
211 2
212 2
213 2
214 2
215 2
216 2
217 2
218 2
219 2
220 2
221 2
222 2
223 2
224 2
225 2
226 2
227 2
228 2
229 2
230 2
231 2
232 2
233 2
234 2
235 2
236 2
237 2
238 2
239 2
240 2
241 2
242 2
243 2
244 2
245 2
246 2
247 2
248 2
249 2
250 2
251 2
252 2
253 2
254 2
255 2
256 2
257 2
258 2
259 3
260 3
261 3
262 3
263 3
264 3
265 3
266 3
267 3
268 3
269 3
270 3
271 3
272 3
273 3
274 3
275 3
276 3
277 3
278 3
279 3
280 3
281 3
282 3
283 3
284 3
285 3
286 3
287 3
288 3
289 3
290 3
317 9
318 9
319 9
320 9
321 9
322 9
323 9
324 9
325 9
326 9
327 9
328 9
329 9
330 9
331 9
332 9
333 9
334 9
335 9
336 9
337 9
338 9
339 9
340 9
341 9
342 9
343 9
344 9
345 9
354 13
355 13
356 13
357 13
358 13
359 13
360 13
361 13
362 13
363 13
364 13
365 13
366 13
367 13
368 13
369 13
370 13
371 13
372 13
373 13
374 13
375 13
376 13
377 13
378 13
379 13
380 13
381 13
382 13
383 13
384 13
385 13
387 15
388 15
389 15
390 15
391 15
392 15
393 15
394 15
395 15
396 15
397 15
398 15
399 15
400 15
401 15
402 15
403 15
404 15
405 15
406 15
407 15
408 15
409 15
410 15
411 15
412 15
413 15
414 15
415 15
416 15
417 15
418 15
419 15
420 15
421 16
422 16
423 16
424 16
425 16
426 16
427 16
428 16
429 16
430 16
431 16
432 16
433 16
434 16
435 16
436 16
437 16
438 16
439 16
440 16
441 16
442 16
443 16
444 16
445 16
446 16
447 16
448 16
449 16
450 16
451 16
452 16
453 16
454 16
455 16
456 16
457 16
458 16
461 18
462 18
463 18
464 18
465 18
466 18
467 18
468 18
469 18
470 18
471 18
472 18
473 18
474 18
475 18
482 21
483 21
484 21
485 21
486 21
487 21
488 21
489 21
490 21
491 21
492 21
493 21
494 21
495 21
496 21
497 21
498 21
499 21
500 21
501 21
502 21
503 21
504 21
505 21
506 21
539 34
540 34
541 34
542 34
543 34
544 34
545 34
546 34
547 34
548 34
549 34
550 35
551 35
552 35
553 35
554 35
555 35
556 35
557 35
558 35
559 35
560 35
561 35
562 36
563 36
564 36
565 36
566 36
567 36
568 36
569 36
570 36
571 36
572 36
573 36
574 36
575 36
576 36
577 36
607 47
608 47
609 47
610 47
611 47
612 47
613 47
614 47
615 47
616 47
617 47
618 47
619 47
620 47
621 47
622 47
623 47
624 47
625 47
626 47
657 70
658 70
659 70
660 70
661 70
662 70
663 70
664 70
665 70
666 70
667 70
668 70
669 70
670 70
671 70
672 70
