0 1
1 1
2 1
3 1
4 1
5 1
6 1
7 1
8 1
9 1
10 1
11 1
12 1
13 1
14 1
15 1
16 1
17 1
18 1
19 1
20 1
21 1
22 1
23 1
24 1
25 1
26 1
27 1
28 1
29 1
30 1
31 1
32 1
33 1
34 1
35 1
36 1
37 1
38 1
39 1
40 1
41 1
42 1
43 1
44 1
45 1
46 1
47 1
48 1
49 1
50 1
51 1
52 1
53 1
54 1
55 1
56 1
57 1
58 1
59 1
60 1
61 1
62 1
63 1
64 1
65 1
66 1
67 1
68 1
69 1
70 1
71 1
72 1
73 1
74 1
75 1
76 1
77 1
78 1
79 1
80 1
81 1
82 1
83 1
84 1
85 1
86 1
87 1
88 1
89 1
90 1
91 1
92 1
93 1
94 1
95 1
96 1
97 1
98 1
99 1
100 1
101 1
102 1
103 1
104 1
105 1
106 1
107 1
108 1
109 1
110 1
111 1
112 1
113 1
114 1
115 1
116 1
117 1
118 1
119 1
120 1
121 1
122 1
123 1
124 1
125 1
126 1
127 1
128 1
129 1
130 1
131 1
132 1
133 1
134 1
135 1
136 1
137 1
138 1
139 1
140 1
141 1
142 1
143 1
144 1
145 1
146 1
147 1
148 1
149 1
150 1
151 1
152 1
153 1
154 1
155 1
156 1
157 1
158 2
159 2
160 2
161 2
162 2
163 2
164 2
165 2
166 2
167 2
168 2
169 2
170 2
171 2
172 2
173 4
174 4
175 4
176 4
177 4
178 4
179 4
180 4
181 4
182 4
183 4
184 4
185 4
186 4
187 4
188 4
189 4
190 4
191 4
192 4
193 4
194 4
195 4
196 4
197 4
198 4
199 4
200 4
201 4
202 4
203 4
204 4
205 4
206 4
207 4
208 4
209 4
210 4
211 4
212 4
213 4
214 4
215 4
216 4
217 4
218 4
219 4
220 4
221 4
222 4
223 4
224 4
225 4
226 4
227 4
228 4
229 4
230 4
231 4
232 4
233 4
234 4
235 4
236 4
237 4
238 4
239 4
240 4
241 4
242 5
243 5
244 5
245 5
246 5
247 5
248 5
249 5
250 5
251 5
252 5
253 5
254 5
255 5
256 5
257 5
258 5
259 5
260 5
261 5
262 5
263 5
264 5
265 5
266 5
267 5
268 5
269 5
270 5
271 5
272 5
273 5
274 5
275 5
276 5
277 5
278 5
279 5
280 5
281 5
282 5
283 5
284 5
285 5
286 5
287 5
288 5
289 5
290 6
291 6
292 6
293 6
294 6
295 6
296 6
297 6
298 6
299 6
300 6
301 6
302 6
303 6
304 6
305 6
306 6
307 6
308 6
309 6
310 6
311 6
312 6
313 6
314 6
315 6
316 6
317 6
318 6
319 6
320 6
321 6
322 6
323 6
324 6
325 6
326 6
327 6
328 6
329 6
330 6
331 6
332 6
333 6
334 6
335 6
336 6
337 6
338 6
339 6
340 6
341 6
342 6
343 6
344 6
345 6
346 6
347 6
348 6
349 6
350 6
351 6
352 6
353 6
354 6
355 6
378 13
379 13
380 13
381 13
382 13
383 13
384 13
385 13
386 13
387 13
388 13
389 13
390 13
391 13
392 13
393 13
394 13
395 13
421 23
422 23
423 23
424 23
425 23
426 23
427 23
428 23
429 23
430 23
431 23
432 23
433 23
435 25
436 25
437 25
438 25
439 25
440 25
441 25
442 25
443 25
444 25
445 25
446 25
447 25
448 25
449 25
450 26
451 26
452 26
453 26
454 26
455 26
456 26
457 26
458 26
459 26
460 26
461 26
462 26
463 26
464 26
465 26
466 26
467 26
468 26
469 26
470 26
471 26
472 26
473 26
474 26
475 27
476 27
477 27
478 27
479 27
480 27
481 27
482 27
483 27
484 27
485 27
486 27
487 27
488 28
489 28
490 28
491 28
492 28
493 28
494 28
495 28
496 28
497 28
498 29
499 29
500 29
501 29
502 29
503 29
504 29
505 29
506 29
507 29
518 32
519 32
520 32
521 32
522 32
523 32
524 32
525 32
526 32
527 32
528 32
529 32
533 34
534 34
535 34
536 34
537 34
538 34
539 34
540 34
541 34
542 34
543 34
544 34
545 34
546 34
547 34
548 34
549 34
550 34
551 34
552 34
553 34
554 34
555 34
556 34
557 34
558 34
559 34
560 34
561 34
562 35
563 35
564 35
565 35
566 35
567 35
568 35
569 35
570 35
571 35
572 35
573 35
574 35
575 35
576 35
577 35
578 35
579 35
580 35
581 35
582 35
583 35
584 35
585 35
586 35
633 61
634 61
635 61
636 61
637 61
638 61
639 61
640 61
641 61
642 61
643 61
644 61
645 61
646 61
647 61
651 63
652 63
653 63
654 63
655 63
656 63
657 63
658 63
659 63
660 63
