0 1
1 1
2 1
3 1
4 1
5 1
6 1
7 1
8 1
9 1
10 1
11 1
12 1
13 1
14 1
15 1
16 1
17 1
18 1
19 1
20 1
21 1
22 1
23 1
26 3
27 3
28 3
29 3
30 3
31 3
32 3
33 3
34 3
35 3
36 3
37 3
38 3
39 3
40 3
41 3
42 3
43 3
44 3
45 3
46 3
47 3
48 3
49 3
50 3
51 3
52 3
53 5
54 5
55 5
56 5
57 5
58 5
59 5
60 5
61 5
62 5
63 5
64 5
65 5
66 6
67 6
68 6
69 6
70 6
71 6
72 6
73 6
74 6
75 6
76 6
77 6
78 6
79 6
80 6
81 6
82 6
83 6
84 6
85 6
86 6
104 10
105 10
106 10
107 10
108 10
109 10
110 10
111 10
112 10
113 10
121 15
122 15
123 15
124 15
125 15
126 15
127 15
128 15
129 15
130 15
131 15
132 15
133 15
134 15
135 15
136 15
137 15
138 15
139 15
140 15
141 15
142 15
143 15
144 15
145 15
146 15
147 15
148 15
149 15
150 15
151 15
152 15
166 23
167 23
168 23
169 23
170 23
171 23
172 23
173 23
174 23
175 23
176 23
177 23
178 23
179 23
180 23
181 23
182 23
183 23
184 23
185 23
186 23
187 23
188 23
189 23
190 23
191 23
192 23
193 23
194 23
195 23
196 23
197 23
198 23
199 23
200 23
201 23
202 23
203 23
204 23
205 23
206 23
207 23
215 25
216 25
217 25
218 25
219 25
220 25
221 25
222 25
223 25
224 25
225 25
226 25
227 25
228 25
229 25
230 25
231 25
232 25
233 25
234 25
235 25
236 25
237 25
238 25
239 25
240 25
241 25
242 25
243 25
244 25
245 25
246 25
285 37
286 37
287 37
288 37
289 37
290 37
291 37
292 37
293 37
294 37
295 37
296 37
297 37
298 37
299 37
300 37
301 37
302 37
303 37
304 37
305 37
306 37
307 37
308 37
309 37
310 37
311 37
312 37
313 38
314 38
315 38
316 38
317 38
318 38
319 38
320 38
321 38
322 38
340 41
341 41
342 41
343 41
344 41
345 41
346 41
347 41
348 41
349 41
350 41
351 41
352 41
353 41
354 41
355 41
