0 1
1 1
2 1
3 1
4 1
5 1
6 1
7 1
8 1
9 1
10 1
11 1
12 1
13 1
14 1
15 1
16 1
17 1
18 1
19 1
20 1
21 1
22 1
23 1
24 1
25 1
26 1
27 1
28 1
29 1
30 1
31 1
32 1
33 1
34 1
35 1
36 1
37 1
38 1
63 9
64 9
65 9
66 9
67 9
68 9
69 9
70 9
71 9
72 9
73 9
74 9
75 9
76 9
77 9
100 14
101 14
102 14
103 14
104 14
105 14
106 14
107 14
108 14
109 14
110 14
133 24
134 24
135 24
136 24
137 24
138 24
139 24
140 24
141 24
142 24
143 24
144 24
145 24
146 25
147 25
148 25
149 25
150 25
151 25
152 25
153 25
154 25
155 25
156 25
157 25
171 31
172 31
173 31
174 31
175 31
176 31
177 31
178 31
179 31
180 31
190 36
191 36
192 36
193 36
194 36
195 36
196 36
197 36
198 36
199 36
200 36
201 36
202 36
203 36
204 36
205 36
206 37
207 37
208 37
209 37
210 37
211 37
212 37
213 37
214 37
215 37
216 37
217 37
218 38
219 38
220 38
221 38
222 38
223 38
224 38
225 38
226 38
227 38
228 38
