0 1
1 1
2 1
3 1
4 1
5 1
6 1
7 1
8 1
9 1
10 1
11 1
12 1
13 1
14 1
15 1
16 1
17 1
18 1
19 1
20 1
21 1
22 1
23 1
24 6
25 6
26 6
27 6
28 6
29 6
30 6
31 6
32 6
33 6
36 15
37 15
38 15
39 15
40 15
41 15
42 15
43 15
44 15
45 15
46 15
47 15
48 15
49 15
50 15
51 15
52 15
53 15
54 15
55 15
56 15
57 15
58 15
59 15
60 15
61 15
62 16
63 16
64 16
65 16
66 16
67 16
68 16
69 16
70 16
71 16
72 16
73 16
74 17
75 17
76 17
77 17
78 17
79 17
80 17
81 17
82 17
83 17
84 17
85 18
86 18
87 18
88 18
89 18
90 18
91 18
92 18
93 18
94 18
95 18
96 18
97 18
98 18
99 18
100 18
101 18
102 18
103 18
104 18
105 18
106 18
107 18
108 18
109 18
110 18
111 18
112 18
113 18
114 18
119 20
120 20
121 20
122 20
123 20
124 20
125 20
126 20
127 20
128 20
136 24
137 24
138 24
139 24
140 24
141 24
142 24
143 24
144 24
145 24
146 24
147 24
148 24
149 24
150 24
151 24
152 24
153 24
154 24
155 25
156 25
157 25
158 25
159 25
160 25
161 25
162 25
163 25
164 25
165 25
166 25
167 25
168 25
169 25
170 25
171 25
172 25
173 25
174 25
175 25
176 25
177 25
178 25
179 25
180 25
181 25
182 25
183 25
184 25
185 25
186 25
187 25
188 25
189 25
190 25
191 25
192 25
193 25
194 25
195 25
196 25
197 25
198 25
199 25
200 25
203 27
204 27
205 27
206 27
207 27
208 27
209 27
210 27
211 27
212 27
213 27
214 27
215 27
216 27
217 27
218 27
219 27
220 27
221 27
222 27
223 27
224 27
