0 1
1 1
2 1
3 1
4 1
5 1
6 1
7 1
8 1
9 1
10 1
11 1
12 1
13 1
14 1
15 1
16 1
17 1
18 1
19 1
20 1
21 1
22 1
23 1
24 1
25 1
26 1
27 1
28 1
29 1
30 1
31 1
32 1
33 1
34 1
35 1
36 1
37 1
38 1
39 1
40 1
41 1
42 1
43 1
44 1
45 1
46 1
47 1
48 1
49 1
50 1
51 1
52 1
53 1
54 1
55 1
56 1
57 1
58 1
59 1
60 1
61 1
62 1
63 1
64 1
65 1
66 1
67 1
68 1
69 1
70 1
71 1
72 1
73 1
74 1
75 1
76 1
77 1
78 1
79 1
80 1
81 1
82 1
83 1
84 1
85 1
86 1
87 1
88 1
89 1
90 1
91 1
92 1
93 1
94 1
95 1
96 1
97 1
98 1
99 1
100 1
101 1
102 1
103 1
104 1
105 1
106 1
107 1
108 1
109 1
110 1
111 1
112 1
113 1
114 1
115 1
116 1
117 1
118 1
119 1
120 1
121 1
122 1
123 1
124 1
125 1
126 1
127 1
128 1
129 1
130 1
131 1
132 1
133 1
134 1
135 1
136 1
137 1
138 1
139 1
140 1
141 1
142 1
143 1
144 1
145 1
146 1
147 1
148 1
149 1
151 3
152 3
153 3
154 3
155 3
156 3
157 3
158 3
159 3
160 3
161 3
162 3
163 3
164 3
170 7
171 7
172 7
173 7
174 7
175 7
176 7
177 7
178 7
179 7
180 7
181 7
182 7
183 8
184 8
185 8
186 8
187 8
188 8
189 8
190 8
191 8
192 8
193 8
194 8
195 8
196 8
197 8
202 14
203 14
204 14
205 14
206 14
207 14
208 14
209 14
210 14
211 14
212 15
213 15
214 15
215 15
216 15
217 15
218 15
219 15
220 15
221 15
222 15
223 15
224 15
225 15
226 15
227 15
228 15
229 15
230 15
231 15
232 15
233 15
234 15
235 15
236 15
237 15
238 15
239 15
240 15
241 15
242 15
243 15
244 15
245 15
246 15
247 15
248 15
249 15
250 15
251 15
252 15
253 15
254 15
255 15
256 15
257 15
258 15
259 15
260 15
261 15
262 15
263 15
270 18
271 18
272 18
273 18
274 18
275 18
276 18
277 18
278 18
279 18
280 18
281 18
282 18
283 18
284 18
285 18
286 18
287 18
288 18
293 21
294 21
295 21
296 21
297 21
298 21
299 21
300 21
301 21
302 21
303 21
304 21
305 21
306 21
307 21
308 21
309 21
310 21
311 21
312 21
313 21
314 21
315 21
316 21
317 21
318 21
319 21
320 21
321 21
322 21
323 21
324 21
325 21
334 24
335 24
336 24
337 24
338 24
339 24
340 24
341 24
342 24
343 24
344 24
345 24
346 24
347 24
348 24
349 24
350 24
351 24
352 24
353 24
354 24
355 24
356 24
357 24
358 24
359 25
360 25
361 25
362 25
363 25
364 25
365 25
366 25
367 25
368 25
369 25
370 25
371 25
372 25
373 25
379 29
380 29
381 29
382 29
383 29
384 29
385 29
386 29
387 29
388 29
389 29
403 35
404 35
405 35
406 35
407 35
408 35
409 35
410 35
411 35
412 35
425 53
426 53
427 53
428 53
429 53
430 53
431 53
432 53
433 53
434 53
435 53
