0 1
1 1
2 1
3 1
4 1
5 1
6 1
7 1
8 1
9 1
10 1
11 1
12 1
13 1
14 2
15 2
16 2
17 2
18 2
19 2
20 2
21 2
22 2
23 2
24 2
25 2
31 4
32 4
33 4
34 4
35 4
36 4
37 4
38 4
39 4
40 4
41 4
42 5
43 5
44 5
45 5
46 5
47 5
48 5
49 5
50 5
51 5
52 5
53 5
54 5
68 10
69 10
70 10
71 10
72 10
73 10
74 10
75 10
76 10
77 10
78 10
79 10
80 10
81 10
82 10
83 10
84 10
85 10
86 10
87 10
88 10
107 15
108 15
109 15
110 15
111 15
112 15
113 15
114 15
115 15
116 15
117 15
118 15
119 15
120 15
121 15
123 17
124 17
125 17
126 17
127 17
128 17
129 17
130 17
131 17
132 17
133 17
134 17
135 17
136 17
137 17
138 17
139 17
140 17
141 17
142 17
143 17
144 17
157 24
158 24
159 24
160 24
161 24
162 24
163 24
164 24
165 24
166 24
167 24
168 24
169 24
170 24
171 24
172 24
173 24
174 24
175 24
176 24
177 24
178 24
179 24
180 24
181 25
182 25
183 25
184 25
185 25
186 25
187 25
188 25
189 25
190 25
191 25
223 37
224 37
225 37
226 37
227 37
228 37
229 37
230 37
231 37
232 37
233 37
234 37
235 37
295 59
296 59
297 59
298 59
299 59
300 59
301 59
302 59
303 59
304 59
