0 1
1 1
2 1
3 1
4 1
5 1
6 1
7 1
8 1
9 1
10 1
11 1
12 1
13 1
14 1
15 1
16 1
17 1
18 1
19 1
20 1
21 1
22 1
23 1
24 1
25 1
26 1
27 1
28 1
29 1
30 1
31 1
32 1
33 1
34 1
35 1
36 1
37 1
38 1
39 1
40 1
41 1
42 1
43 1
44 1
45 1
46 1
47 1
56 3
57 3
58 3
59 3
60 3
61 3
62 3
63 3
64 3
65 3
70 5
71 5
72 5
73 5
74 5
75 5
76 5
77 5
78 5
79 5
80 5
81 5
82 5
83 5
84 5
109 16
110 16
111 16
112 16
113 16
114 16
115 16
116 16
117 16
118 16
119 16
120 16
121 16
122 16
123 16
128 19
129 19
130 19
131 19
132 19
133 19
134 19
135 19
136 19
137 19
138 19
139 19
140 19
141 19
142 19
143 19
144 19
145 19
146 19
152 22
153 22
154 22
155 22
156 22
157 22
158 22
159 22
160 22
161 22
162 22
163 23
164 23
165 23
166 23
167 23
168 23
169 23
170 23
171 23
172 23
173 23
174 23
175 23
176 23
177 23
178 23
